Archivo	EMRI_34.CMG
Localización	EMRI_34
Tipo de datos	Leq
Ponderación	A
Unidad	dB
Inicio	31/07/2022 0:00:00:000
Fin	02/09/2022 0:00:00:000
Período	Dia0627_Ld (Ld)
Fragmentos de tiempo	Ld	07:01	21:00	K = 0 dBA	   	   	   	   	   	   	   
	Ld	SEL	Lmin	Lmax	StdDev	L90	L50	L20	L10	L5	L3
Día	dB	dB	dB	dB	dB	dB	dB	dB	dB	dB	dB
Dom 31/07/2022	54,1	92,7	42,9	76,2	4,7	45,1	47,6	52,2	56,4	59,9	61,7
Lun 01/08/2022	58,2	105,3	40,7	84,8	5,8	45,8	50,7	56,2	60,5	63,9	66,2
Mar 02/08/2022	58,1	105,1	41,7	85,7	5,4	46,5	50,6	56,2	60,1	63,0	64,9
Mié 03/08/2022	58,5	105,5	42,7	84,3	5,3	47,6	51,2	56,6	60,8	63,7	65,8
Jue 04/08/2022	58,4	105,4	42,8	85,0	5,1	47,4	50,9	55,7	59,6	62,9	64,9
Vie 05/08/2022	57,9	104,9	41,1	89,6	5,4	45,7	49,5	54,6	58,9	62,5	64,6
Sáb 06/08/2022	57,7	104,8	41,3	81,5	5,3	46,5	50,6	55,7	59,6	62,8	64,9
Dom 07/08/2022	58,2	105,2	39,4	88,5	5,7	45,4	49,4	55,3	59,4	62,4	64,7
Lun 08/08/2022	59,3	106,3	42,4	81,1	5,7	47,9	52,1	58,5	62,4	65,1	67,0
Mar 09/08/2022	58,7	105,7	42,1	87,1	5,7	47,2	51,7	57,8	61,7	64,6	66,3
Mié 10/08/2022	59,3	106,3	42,4	88,8	5,3	47,7	51,9	56,9	60,7	64,0	66,2
Jue 11/08/2022	58,8	105,8	42,8	82,3	5,3	47,8	51,8	57,3	61,0	64,0	66,1
Vie 12/08/2022	57,2	104,3	35,1	97,9	6,0	43,0	47,6	53,3	57,6	61,4	63,5
Sáb 13/08/2022	66,2	113,2	30,6	103,2	7,0	38,7	44,4	50,4	55,4	59,7	62,2
Dom 14/08/2022	56,6	103,7	20,8	83,8	7,6	40,6	48,6	54,3	58,6	62,0	64,1
Lun 15/08/2022	57,5	104,5	38,6	81,0	5,8	45,2	49,7	55,4	59,8	63,2	65,2
Mar 16/08/2022	61,1	108,2	40,4	101,8	6,0	45,2	49,6	55,6	60,0	63,3	65,6
Mié 17/08/2022	58,9	105,9	24,9	84,0	6,1	48,1	52,4	57,5	61,0	64,0	66,1
Jue 18/08/2022	57,6	104,6	41,5	88,3	5,3	46,2	49,8	54,9	58,9	62,0	64,1
Vie 19/08/2022	59,0	106,0	42,1	86,3	5,3	47,8	51,6	57,1	60,6	63,7	66,0
Sáb 20/08/2022	58,2	105,2	26,0	90,4	6,1	45,9	50,8	56,2	60,1	63,3	65,4
Dom 21/08/2022	57,3	104,3	39,3	82,8	5,8	44,6	49,5	55,0	59,2	62,4	64,4
Lun 22/08/2022	58,3	105,4	41,5	91,5	5,4	46,3	50,2	55,7	59,7	62,8	64,8
Mar 23/08/2022	58,3	105,3	41,5	89,7	5,2	46,2	50,0	54,7	58,8	62,2	64,4
Mié 24/08/2022	60,4	107,4	43,5	91,0	5,5	48,1	52,2	57,7	61,6	64,8	67,0
Jue 25/08/2022	58,2	105,2	41,0	84,6	6,0	45,1	49,6	55,9	60,4	63,6	65,5
Vie 26/08/2022	57,6	104,6	41,2	86,3	5,6	45,2	48,9	54,9	59,0	62,0	64,1
Sáb 27/08/2022	58,8	105,8	41,4	88,3	5,8	45,6	50,2	56,1	60,1	63,3	65,4
Dom 28/08/2022	57,7	104,7	39,2	83,3	6,0	44,5	49,0	54,8	59,3	62,9	65,3
Lun 29/08/2022	58,3	105,3	40,2	87,5	5,7	46,1	50,5	56,9	60,4	62,9	64,7
Mar 30/08/2022	58,9	105,9	41,6	89,0	5,4	46,6	51,4	56,7	60,3	63,2	65,1
Mié 31/08/2022	65,7	112,8	38,2	107,1	5,6	43,9	48,0	53,3	57,3	60,8	63,0
Jue 01/09/2022											
Período	Noche0627_Ln (Ln)
Fragmentos de tiempo	Ln	21:01	07:00	K = 0 dBA	   	   	   	   	   	   	   
	Ln	SEL	Lmin	Lmax	StdDev	L90	L50	L20	L10	L5	L3
Día	dB	dB	dB	dB	dB	dB	dB	dB	dB	dB	dB
Dom 31/07/2022	53,1	93,4	36,4	75,8	5,2	41,1	45,5	48,8	53,2	58,1	60,6
Lun 01/08/2022	55,6	99,0	30,8	82,3	6,9	35,6	42,3	48,1	52,3	56,5	59,1
Mar 02/08/2022	53,9	98,3	29,9	83,2	7,1	34,5	43,3	48,5	51,7	55,9	58,8
Mié 03/08/2022	53,3	98,4	30,4	78,9	7,0	35,8	43,1	49,1	52,6	56,7	59,4
Jue 04/08/2022	55,7	99,6	30,7	80,1	6,7	36,9	45,0	49,7	53,5	57,4	60,1
Vie 05/08/2022	55,8	100,3	31,9	84,3	7,1	36,8	45,0	50,4	54,6	58,3	61,1
Sáb 06/08/2022	54,4	98,9	37,9	80,2	4,6	43,2	47,2	51,0	54,5	57,1	58,7
Dom 07/08/2022	54,6	98,3	32,5	80,6	5,8	37,5	43,0	47,3	51,0	55,2	58,4
Lun 08/08/2022	53,7	98,5	29,0	84,4	6,8	36,1	42,6	49,5	52,4	56,2	59,0
Mar 09/08/2022	55,1	97,9	28,9	80,2	7,1	34,5	43,7	48,8	52,1	55,9	58,5
Mié 10/08/2022	54,2	98,2	32,6	78,9	6,6	36,7	44,6	49,6	52,7	56,3	58,9
Jue 11/08/2022	53,2	97,7	33,7	79,8	6,2	37,6	43,8	49,1	52,3	56,3	59,2
Vie 12/08/2022	52,5	98,0	31,1	85,2	6,9	35,8	40,2	48,1	52,3	56,8	58,8
Sáb 13/08/2022	54,7	99,3	31,4	90,9	5,4	35,4	39,7	43,2	46,3	51,2	55,2
Dom 14/08/2022	54,2	98,2	32,9	84,7	5,9	36,5	40,6	45,9	48,7	53,4	57,6
Lun 15/08/2022	53,4	97,0	31,3	78,0	6,0	36,1	41,7	46,6	50,2	54,4	57,7
Mar 16/08/2022	54,4	99,2	32,5	82,9	6,0	37,7	42,9	48,5	51,7	55,9	59,2
Mié 17/08/2022	55,4	99,0	31,0	84,4	7,2	35,5	43,5	49,9	52,9	56,6	59,6
Jue 18/08/2022	53,5	98,8	34,2	83,8	6,2	38,1	43,8	49,6	52,8	56,5	59,7
Vie 19/08/2022	57,3	99,8	33,1	83,4	6,4	37,7	45,2	49,9	52,6	56,3	59,5
Sáb 20/08/2022	60,5	105,0	31,5	99,5	5,9	36,8	43,2	47,2	50,4	54,4	57,3
Dom 21/08/2022	54,3	97,6	34,0	79,1	5,3	38,9	42,7	46,7	50,1	54,7	58,5
Lun 22/08/2022	53,4	97,9	29,6	79,5	6,9	34,7	43,3	47,5	50,9	55,4	59,3
Mar 23/08/2022	54,7	99,8	31,5	82,9	6,6	36,4	43,9	48,9	52,0	56,2	59,5
Mié 24/08/2022	53,5	98,2	31,5	78,8	6,7	36,2	43,6	49,8	52,8	56,3	59,1
Jue 25/08/2022	54,4	98,5	30,9	84,1	6,8	35,6	42,7	48,5	52,1	55,9	59,1
Vie 26/08/2022	53,4	98,1	31,6	77,4	6,6	36,6	44,0	48,7	52,5	57,0	60,1
Sáb 27/08/2022	52,9	97,7	36,4	80,7	5,1	40,2	45,2	49,1	51,8	55,5	58,6
Dom 28/08/2022	54,1	97,5	35,3	79,6	5,0	39,4	44,0	47,5	50,5	54,7	57,7
Lun 29/08/2022	52,8	98,2	30,2	80,6	7,3	34,5	43,4	48,4	52,1	56,0	59,0
Mar 30/08/2022	56,8	100,1	29,6	84,7	6,9	35,4	42,9	48,7	52,5	56,3	59,1
Mié 31/08/2022	53,0	97,8	30,1	80,0	6,9	35,5	40,5	48,1	52,6	56,6	59,2
Jue 01/09/2022	52,2	98,6	17,8	90,1	4,8	21,8	26,4	29,9	32,1	35,2	37,8
