Archivo	EMRI_28.CMG
Localización	EMRI_28
Tipo de datos	Leq
Ponderación	A
Unidad	dB
Inicio	31/07/2022 0:00:00:000
Fin	02/09/2022 0:00:00:000
Período	Dia0627_Ld (Ld)
Fragmentos de tiempo	Ld	07:01	21:00	K = 0 dBA	   	   	   	   	   	   	   
	Ld	SEL	Lmin	Lmax	StdDev	L90	L50	L20	L10	L5	L3
Día	dB	dB	dB	dB	dB	dB	dB	dB	dB	dB	dB
Dom 31/07/2022	58,2	96,8	47,5	82,2	3,9	50,8	54,0	57,3	59,6	62,2	64,8
Lun 01/08/2022	62,0	109,0	45,5	91,3	4,9	51,3	55,4	59,5	62,9	66,0	68,3
Mar 02/08/2022	63,0	110,0	46,2	92,2	5,1	51,1	55,7	59,9	63,0	66,2	68,6
Mié 03/08/2022	62,9	109,9	45,9	91,4	4,8	51,9	56,0	59,7	62,7	66,1	68,8
Jue 04/08/2022	60,2	107,2	46,0	87,1	4,4	51,2	55,0	58,8	61,5	64,4	66,5
Vie 05/08/2022	62,0	109,1	44,6	90,4	4,8	51,4	55,9	59,9	62,5	65,3	67,9
Sáb 06/08/2022	61,8	108,8	46,7	90,2	4,6	52,3	56,7	60,7	63,4	65,8	68,0
Dom 07/08/2022	59,5	106,5	42,1	90,0	4,5	49,6	54,5	57,9	60,1	62,7	64,9
Lun 08/08/2022	61,9	108,9	46,5	93,6	4,8	51,7	55,6	60,0	64,1	66,4	67,6
Mar 09/08/2022	62,9	109,9	45,1	90,4	5,6	51,3	56,3	62,3	66,6	68,1	68,9
Mié 10/08/2022	64,7	111,7	46,5	97,1	4,9	53,2	57,5	61,3	64,2	67,6	70,5
Jue 11/08/2022	64,4	111,4	48,3	96,7	4,9	53,0	57,0	61,0	64,7	68,1	70,0
Vie 12/08/2022	62,9	110,0	46,5	89,9	5,2	51,8	56,9	61,7	64,8	67,6	69,2
Sáb 13/08/2022	65,1	112,1	43,9	95,5	5,6	52,3	57,2	62,1	65,8	69,2	71,8
Dom 14/08/2022	62,1	109,1	41,6	91,8	4,9	50,9	55,6	59,3	61,9	65,1	67,9
Lun 15/08/2022	63,5	110,5	43,7	99,1	5,0	51,2	56,2	59,8	62,6	66,0	68,7
Mar 16/08/2022	63,1	110,2	44,5	94,9	5,1	50,9	55,8	59,9	62,7	66,1	68,9
Mié 17/08/2022	61,3	108,3	46,9	96,3	4,4	51,4	55,1	59,0	61,9	64,9	66,8
Jue 18/08/2022	61,3	108,3	45,5	88,6	4,9	50,7	55,4	59,6	62,5	65,5	67,7
Vie 19/08/2022	62,9	109,9	46,8	89,3	4,9	52,0	56,0	60,0	63,1	66,6	69,4
Sáb 20/08/2022	64,7	111,7	44,8	98,9	5,0	52,5	56,6	60,6	63,5	67,2	70,0
Dom 21/08/2022	62,2	109,2	41,0	91,6	5,1	50,5	55,4	59,1	62,0	65,4	68,0
Lun 22/08/2022	63,9	110,9	44,0	98,6	4,9	52,5	56,5	60,4	63,4	66,7	69,4
Mar 23/08/2022	61,7	108,7	45,5	92,5	4,6	51,5	55,6	59,3	62,0	65,0	67,3
Mié 24/08/2022	63,3	110,3	47,5	91,7	4,7	52,6	56,4	60,1	63,1	66,2	68,9
Jue 25/08/2022	62,8	109,8	46,7	90,9	4,9	51,3	55,8	59,8	62,8	66,1	68,5
Vie 26/08/2022	63,3	110,3	45,1	92,4	5,2	51,3	56,1	60,6	63,7	67,1	69,8
Sáb 27/08/2022	66,4	113,5	45,3	101,5	5,3	52,9	57,3	61,5	65,0	68,8	71,5
Dom 28/08/2022	64,5	111,5	43,9	94,3	5,4	51,1	56,0	60,1	63,2	67,0	70,3
Lun 29/08/2022	64,3	111,3	43,8	92,4	5,3	51,1	56,1	60,1	63,2	66,7	69,9
Mar 30/08/2022	64,3	111,3	44,6	90,6	5,3	51,2	56,2	60,2	63,1	66,8	70,0
Mié 31/08/2022	64,9	111,9	44,9	91,1	5,4	51,8	56,7	60,9	64,1	68,0	71,5
Jue 01/09/2022											
Período	Noche0627_Ln (Ln)
Fragmentos de tiempo	Ln	21:01	07:00	K = 0 dBA	   	   	   	   	   	   	   
	Ln	SEL	Lmin	Lmax	StdDev	L90	L50	L20	L10	L5	L3
Día	dB	dB	dB	dB	dB	dB	dB	dB	dB	dB	dB
Dom 31/07/2022	64,2	104,5	44,1	93,7	5,8	47,1	51,3	56,5	60,1	63,4	66,3
Lun 01/08/2022	58,1	103,4	37,6	88,7	6,4	41,5	47,9	54,3	57,7	60,6	62,6
Mar 02/08/2022	66,1	107,6	36,0	93,2	7,0	39,6	47,7	53,7	56,9	59,6	61,7
Mié 03/08/2022	62,7	105,2	39,1	94,5	6,4	42,2	49,3	55,2	58,4	61,2	63,0
Jue 04/08/2022	58,4	101,7	38,7	84,3	6,3	42,3	49,8	55,7	58,7	61,2	63,0
Vie 05/08/2022	64,9	106,0	37,7	87,9	7,6	42,5	51,8	58,4	61,7	65,0	67,2
Sáb 06/08/2022	58,9	103,2	40,7	86,3	5,3	47,1	52,8	57,8	61,5	63,5	64,7
Dom 07/08/2022	57,5	101,2	38,0	87,5	5,2	43,6	48,3	53,0	56,3	59,4	61,9
Lun 08/08/2022	56,2	100,4	35,6	83,3	6,8	39,9	48,1	54,4	57,5	60,2	62,1
Mar 09/08/2022	57,2	100,8	38,1	83,4	5,8	42,7	49,4	54,6	57,7	60,4	62,4
Mié 10/08/2022	63,5	105,4	37,5	87,9	6,6	43,5	51,4	56,9	59,9	62,9	65,4
Jue 11/08/2022	59,0	104,0	41,1	84,7	5,7	45,8	51,7	57,1	59,9	62,5	64,7
Vie 12/08/2022	59,0	102,2	37,7	89,5	5,9	43,6	50,9	55,7	58,7	61,6	63,6
Sáb 13/08/2022	60,2	102,8	39,3	85,6	5,6	45,0	51,9	56,6	59,4	62,2	64,5
Dom 14/08/2022	58,0	102,1	35,9	85,2	5,5	44,0	50,1	54,6	57,7	60,6	62,8
Lun 15/08/2022	56,3	99,3	36,6	82,9	5,1	42,5	48,4	52,8	55,6	58,4	60,3
Mar 16/08/2022	61,5	106,2	37,9	91,5	6,5	42,6	49,4	55,1	58,5	61,8	64,2
Mié 17/08/2022	60,4	104,3	37,9	86,0	6,6	42,5	50,6	55,9	59,0	62,2	64,8
Jue 18/08/2022	63,0	106,3	39,5	87,6	6,6	42,6	50,0	55,4	58,8	62,1	64,7
Vie 19/08/2022	63,8	106,8	39,2	87,1	7,2	43,0	52,1	57,5	60,6	64,4	67,5
Sáb 20/08/2022	63,0	107,9	40,5	92,7	5,9	46,5	52,7	57,5	60,6	63,2	65,7
Dom 21/08/2022	62,3	107,4	39,7	91,1	6,1	46,0	51,8	56,7	60,6	64,8	67,6
Lun 22/08/2022	66,9	109,4	31,6	90,9	8,7	40,1	52,8	58,6	62,0	66,1	69,3
Mar 23/08/2022	61,1	106,2	38,7	90,6	6,3	44,3	52,1	57,1	60,2	63,4	65,7
Mié 24/08/2022	60,1	105,4	39,1	90,8	6,5	44,5	51,5	57,6	60,9	63,8	66,0
Jue 25/08/2022	63,1	108,6	38,7	93,2	6,6	45,2	51,7	57,0	60,6	64,4	67,5
Vie 26/08/2022	58,6	103,9	37,9	86,0	6,6	41,8	50,3	55,7	58,8	62,1	64,4
Sáb 27/08/2022	64,5	108,7	42,1	91,2	6,7	45,6	54,0	59,3	62,3	65,6	68,4
Dom 28/08/2022	61,9	107,3	40,1	90,6	5,7	47,2	52,2	56,5	59,8	63,7	67,0
Lun 29/08/2022	59,8	105,2	35,7	85,8	7,1	41,2	50,0	55,9	59,3	62,9	65,7
Mar 30/08/2022	63,8	107,4	35,8	90,8	7,5	41,6	50,7	56,6	60,3	64,3	67,3
Mié 31/08/2022	65,2	106,9	36,6	86,9	8,3	40,8	50,9	57,7	61,3	65,2	67,7
Jue 01/09/2022	58,4	104,7	37,3	91,0	6,5	40,5	45,6	52,4	56,2	59,8	62,4
