Archivo	EMRI_19.CMG
Localización	EMRI_19
Tipo de datos	Leq
Ponderación	A
Unidad	dB
Inicio	31/07/2022 0:00:00:000
Fin	02/09/2022 0:00:00:000
Período	Dia0627_Ld (Ld)
Fragmentos de tiempo	Ld	07:01	21:00	K = 0 dBA	   	   	   	   	   	   	   
	Ld	SEL	Lmin	Lmax	StdDev	L90	L50	L20	L10	L5	L3
Día	dB	dB	dB	dB	dB	dB	dB	dB	dB	dB	dB
Dom 31/07/2022	59,6	98,2	48,4	78,7	4,2	52,2	55,3	59,8	62,8	65,2	66,6
Lun 01/08/2022	64,2	111,2	44,5	86,8	5,7	51,2	57,0	62,4	65,5	68,2	70,0
Mar 02/08/2022	63,0	110,0	43,0	89,0	5,4	51,5	57,0	62,2	65,1	67,5	69,4
Mié 03/08/2022	64,9	111,9	42,5	95,3	5,8	51,8	57,7	63,1	66,0	68,8	71,1
Jue 04/08/2022	63,6	110,6	44,7	92,3	6,3	50,2	57,0	63,1	66,9	69,9	71,5
Vie 05/08/2022	62,4	109,4	46,6	88,2	5,4	50,9	55,8	61,4	64,6	67,3	69,4
Sáb 06/08/2022	64,8	111,8	44,9	95,0	6,1	50,7	58,1	63,8	66,6	69,2	71,3
Dom 07/08/2022	61,2	108,2	43,2	87,0	5,4	50,7	54,8	60,5	64,1	67,5	68,9
Lun 08/08/2022	63,2	110,3	46,0	88,7	5,6	51,7	58,3	63,3	66,1	68,5	70,2
Mar 09/08/2022	63,3	110,3	45,6	93,5	5,6	51,7	58,1	63,5	66,0	68,3	70,0
Mié 10/08/2022	66,1	113,1	46,3	93,2	5,8	53,2	60,5	65,6	68,3	71,0	72,9
Jue 11/08/2022	66,0	113,0	46,3	92,8	6,3	52,3	58,8	64,8	68,5	72,2	73,6
Vie 12/08/2022	62,8	109,8	39,0	88,7	6,3	49,4	54,9	61,3	64,6	67,5	69,7
Sáb 13/08/2022	63,1	110,1	41,1	88,1	6,0	49,8	56,7	62,2	64,9	67,4	69,4
Dom 14/08/2022	61,4	108,4	45,0	84,1	5,1	51,1	55,2	60,4	63,4	66,1	68,1
Lun 15/08/2022	64,0	111,0	47,2	89,6	5,4	52,3	57,8	62,8	65,5	68,2	70,5
Mar 16/08/2022	62,7	109,7	41,1	89,2	6,1	49,1	55,5	61,1	64,5	67,5	69,7
Mié 17/08/2022	63,4	110,4	42,2	93,4	5,6	51,4	57,3	62,4	65,3	68,3	70,4
Jue 18/08/2022	64,4	111,4	42,2	97,6	6,5	48,8	55,5	61,6	65,2	68,1	70,2
Vie 19/08/2022	63,0	110,0	43,3	86,7	5,5	51,4	58,0	62,7	65,5	68,0	69,9
Sáb 20/08/2022	65,7	112,7	46,0	95,4	6,3	51,1	58,3	64,0	67,0	70,0	72,2
Dom 21/08/2022	62,3	109,3	39,0	85,2	6,2	49,0	55,1	60,9	64,5	67,9	70,4
Lun 22/08/2022	64,4	111,4	46,4	87,6	5,9	51,6	58,1	63,6	66,6	69,7	72,0
Mar 23/08/2022	62,4	109,4	42,0	87,8	6,1	49,1	54,8	60,6	64,5	67,6	69,5
Mié 24/08/2022	66,4	113,4	45,7	92,1	6,4	51,5	58,6	64,2	67,8	71,6	73,3
Jue 25/08/2022	61,9	108,9	43,1	88,5	5,9	49,2	56,0	61,8	64,5	66,8	68,6
Vie 26/08/2022	63,3	110,4	45,5	90,4	6,2	49,2	54,7	60,7	64,4	68,0	70,6
Sáb 27/08/2022	63,5	110,5	43,7	90,3	5,7	50,9	56,8	62,4	65,2	67,7	69,7
Dom 28/08/2022	62,7	109,7	43,4	87,4	6,2	49,3	55,4	61,7	65,0	68,0	70,0
Lun 29/08/2022	62,7	109,7	45,5	87,8	5,4	51,3	57,2	62,3	65,1	67,6	69,5
Mar 30/08/2022	63,0	110,0	41,7	87,4	6,1	49,8	55,9	62,0	65,1	68,0	70,4
Mié 31/08/2022	64,5	111,5	40,9	90,4	6,8	48,4	56,9	62,4	65,5	68,9	71,3
Jue 01/09/2022	62,9	101,4	47,2	87,8	5,4	50,8	57,3	62,1	65,1	67,5	69,2
Período	Noche0627_Ln (Ln)
Fragmentos de tiempo	Ln	21:01	07:00	K = 0 dBA	   	   	   	   	   	   	   
	Ln	SEL	Lmin	Lmax	StdDev	L90	L50	L20	L10	L5	L3
Día	dB	dB	dB	dB	dB	dB	dB	dB	dB	dB	dB
Dom 31/07/2022	61,3	101,6	47,9	82,9	4,9	51,5	55,1	60,7	63,8	65,9	67,5
Lun 01/08/2022	61,6	106,3	42,4	86,8	5,3	48,5	51,4	56,2	60,4	64,0	66,7
Mar 02/08/2022	61,5	106,6	41,6	88,7	5,6	47,2	51,1	56,2	60,6	64,2	66,6
Mié 03/08/2022	62,1	106,9	38,6	86,6	5,5	49,5	52,6	58,3	62,3	65,2	67,2
Jue 04/08/2022	61,2	106,1	40,1	86,8	5,7	47,8	51,5	57,2	61,2	64,5	66,7
Vie 05/08/2022	61,6	106,6	40,5	87,0	5,6	49,1	51,7	58,0	62,1	65,4	67,9
Sáb 06/08/2022	62,3	107,7	46,2	90,5	5,2	49,7	52,0	56,9	61,2	64,8	67,4
Dom 07/08/2022	61,3	106,7	38,1	88,4	5,4	49,4	51,6	57,2	61,5	64,5	66,9
Lun 08/08/2022	62,8	107,6	40,8	86,2	6,4	48,1	52,7	59,5	63,5	67,9	70,1
Mar 09/08/2022	62,4	107,0	45,1	89,3	5,3	49,5	52,2	57,5	61,3	65,0	67,7
Mié 10/08/2022	61,8	106,8	40,9	90,4	6,0	47,8	51,0	58,3	62,5	65,2	67,3
Jue 11/08/2022	63,3	107,9	41,4	88,2	6,3	48,5	51,7	59,8	64,0	66,8	69,0
Vie 12/08/2022	62,7	107,5	42,4	86,1	5,9	49,8	52,0	60,1	63,9	65,6	67,8
Sáb 13/08/2022	62,3	107,3	39,6	91,2	5,5	48,1	51,1	56,2	60,6	64,2	66,8
Dom 14/08/2022	64,0	107,9	35,5	87,8	6,0	49,2	52,2	57,7	62,6	67,3	70,3
Lun 15/08/2022	62,0	107,0	46,6	87,3	4,8	50,5	52,2	56,4	60,4	64,2	66,9
Mar 16/08/2022	61,1	105,9	44,0	87,2	5,2	49,3	52,0	57,5	61,7	64,8	66,7
Mié 17/08/2022	61,0	106,3	43,6	84,7	5,2	50,4	53,1	58,9	62,4	65,8	67,9
Jue 18/08/2022	60,4	105,5	44,5	84,9	5,1	49,5	53,5	58,0	61,9	65,1	67,3
Vie 19/08/2022	60,9	106,4	41,0	87,9	5,5	48,3	51,5	57,1	61,0	64,4	67,0
Sáb 20/08/2022	60,3	105,7	41,8	84,1	5,7	47,7	52,4	57,7	61,5	64,8	67,0
Dom 21/08/2022	64,3	107,8	38,3	85,1	6,5	48,9	51,0	58,1	63,7	70,0	72,4
Lun 22/08/2022	61,7	106,4	41,2	85,9	5,8	48,3	50,5	57,2	61,3	65,2	68,5
Mar 23/08/2022	61,6	106,4	38,3	87,3	5,8	47,7	52,1	58,2	61,8	64,9	66,7
Mié 24/08/2022	60,4	105,4	43,6	86,7	5,4	47,9	51,4	56,5	60,4	64,0	67,0
Jue 25/08/2022	61,6	106,5	44,7	85,1	5,8	48,8	51,1	58,0	62,3	65,4	67,8
Vie 26/08/2022	61,3	106,7	40,4	87,4	6,5	46,7	50,6	58,5	62,4	65,7	67,8
Sáb 27/08/2022	62,6	107,5	43,8	86,4	5,9	49,0	52,1	59,1	62,8	65,8	68,2
Dom 28/08/2022	60,5	105,5	40,2	82,9	5,5	48,9	51,6	58,0	61,6	65,0	67,4
Lun 29/08/2022	59,0	104,2	37,5	82,4	5,1	48,5	51,4	56,8	60,5	63,4	65,2
Mar 30/08/2022	60,3	105,5	38,5	88,5	6,2	46,9	50,7	58,1	61,9	65,0	67,1
Mié 31/08/2022	60,6	106,0	37,7	88,6	5,6	48,9	50,8	57,1	61,4	65,3	67,8
Jue 01/09/2022	61,5	108,5	34,6	86,7	6,4	47,1	48,7	56,7	61,5	65,4	68,2
