Archivo	EMRI_18.CMG
Localización	EMRI_18
Tipo de datos	Leq
Ponderación	A
Unidad	dB
Inicio	31/07/2022 0:00:00:000
Fin	02/09/2022 0:00:00:000
Período	Dia0627_Ld (Ld)
Fragmentos de tiempo	Ld	07:01	21:00	K = 0 dBA	   	   	   	   	   	   	   
	Ld	SEL	Lmin	Lmax	StdDev	L90	L50	L20	L10	L5	L3
Día	dB	dB	dB	dB	dB	dB	dB	dB	dB	dB	dB
Dom 31/07/2022	60,6	99,1	41,9	81,0	6,4	46,0	49,3	54,7	60,4	66,2	69,8
Lun 01/08/2022	62,6	109,6	43,4	88,3	6,0	49,1	53,2	58,0	63,0	68,3	71,4
Mar 02/08/2022	62,7	109,7	43,2	86,3	6,0	49,2	53,6	58,6	63,5	68,8	71,7
Mié 03/08/2022	62,6	109,6	44,9	87,5	5,7	50,0	54,0	58,5	63,3	68,4	71,2
Jue 04/08/2022	62,5	109,5	44,1	85,3	5,9	49,5	53,5	58,4	63,3	68,6	71,5
Vie 05/08/2022	61,7	108,7	43,7	86,0	5,4	49,9	53,9	58,4	62,3	67,2	70,2
Sáb 06/08/2022	62,3	109,3	43,4	89,2	5,8	49,4	53,0	57,7	62,4	68,0	71,1
Dom 07/08/2022	61,9	108,9	37,6	84,0	6,4	47,3	51,5	56,4	61,5	67,6	71,0
Lun 08/08/2022	62,4	109,5	44,3	85,9	5,9	49,6	53,8	59,1	63,6	68,1	71,1
Mar 09/08/2022	62,9	109,9	43,5	91,6	6,1	49,3	53,8	59,1	63,8	68,8	71,7
Mié 10/08/2022	63,3	110,4	44,9	87,4	5,8	50,5	54,7	59,3	63,9	69,2	71,9
Jue 11/08/2022	63,4	110,4	45,0	88,0	6,1	50,1	54,4	59,7	65,0	69,8	72,1
Vie 12/08/2022	61,5	108,5	44,1	86,4	5,5	49,6	53,5	58,1	62,1	66,8	69,8
Sáb 13/08/2022	63,4	110,4	43,2	88,2	6,2	50,1	54,7	61,2	65,5	69,7	71,7
Dom 14/08/2022	61,6	108,6	37,4	83,2	6,4	47,1	51,9	56,9	61,8	67,4	70,7
Lun 15/08/2022	62,8	109,8	38,0	95,3	6,7	47,0	51,6	57,1	62,6	68,4	71,4
Mar 16/08/2022	63,4	110,4	43,1	91,8	6,5	49,0	53,4	59,2	65,1	70,3	72,7
Mié 17/08/2022	62,7	109,8	44,6	92,5	5,6	50,6	54,5	59,3	63,5	68,6	71,3
Jue 18/08/2022	61,3	108,3	42,3	85,9	5,6	48,8	52,8	57,3	61,3	66,4	69,7
Vie 19/08/2022	62,4	109,4	44,9	84,6	5,8	49,9	53,7	58,6	63,5	68,6	71,2
Sáb 20/08/2022	62,7	109,7	43,5	90,4	5,8	49,6	53,7	58,5	62,9	68,1	71,2
Dom 21/08/2022	61,7	108,7	37,4	88,4	6,2	47,1	52,2	56,7	61,2	67,1	70,4
Lun 22/08/2022	63,5	110,5	43,9	88,9	6,1	49,6	54,9	60,3	64,1	69,0	72,0
Mar 23/08/2022	63,0	110,0	42,7	86,9	5,8	49,1	53,5	58,2	62,3	67,2	70,4
Mié 24/08/2022	62,7	109,7	44,8	86,5	5,6	50,3	54,6	59,1	63,2	68,4	71,4
Jue 25/08/2022	62,7	109,7	42,5	86,0	6,2	49,2	53,8	60,1	64,7	68,5	71,2
Vie 26/08/2022	61,6	108,7	43,1	83,3	5,3	50,0	54,1	58,3	61,7	66,5	69,9
Sáb 27/08/2022	63,4	110,4	41,8	97,3	6,0	49,3	53,3	58,4	63,0	68,3	71,3
Dom 28/08/2022	62,1	109,1	38,6	87,6	6,1	47,6	53,1	57,2	61,7	67,6	70,7
Lun 29/08/2022	62,3	109,3	42,1	87,2	6,1	48,5	52,7	57,5	62,4	68,2	71,3
Mar 30/08/2022	61,8	108,8	43,9	88,8	5,6	49,3	53,2	57,6	61,7	66,9	70,2
Mié 31/08/2022	61,4	108,4	42,8	86,9	5,3	49,6	53,7	57,9	61,3	65,9	69,3
Jue 01/09/2022	63,0	109,4	43,4	88,0	5,7	50,7	55,3	60,4	64,3	68,8	71,4
Período	Noche0627_Ln (Ln)
Fragmentos de tiempo	Ln	21:01	07:00	K = 0 dBA	   	   	   	   	   	   	   
	Ln	SEL	Lmin	Lmax	StdDev	L90	L50	L20	L10	L5	L3
Día	dB	dB	dB	dB	dB	dB	dB	dB	dB	dB	dB
Dom 31/07/2022	60,4	100,8	36,8	83,4	7,9	40,8	46,5	53,0	60,7	66,5	69,0
Lun 01/08/2022	61,4	104,1	32,6	84,8	8,1	36,2	43,4	51,0	55,5	60,7	65,3
Mar 02/08/2022	60,5	103,7	30,7	86,2	8,3	35,4	43,5	51,0	55,1	60,2	64,6
Mié 03/08/2022	61,0	104,0	30,3	86,4	8,4	36,0	45,5	52,1	55,8	61,0	65,6
Jue 04/08/2022	61,7	104,5	32,2	88,8	7,5	38,2	47,0	52,2	56,1	61,4	65,9
Vie 05/08/2022	61,3	104,6	31,7	84,8	7,8	39,0	48,5	54,4	58,4	62,8	66,7
Sáb 06/08/2022	60,2	104,8	41,1	82,2	5,9	46,0	50,2	56,3	60,0	64,3	65,9
Dom 07/08/2022	61,0	103,6	32,1	83,4	6,6	39,6	45,0	49,1	53,3	59,8	65,2
Lun 08/08/2022	59,8	103,2	32,9	82,6	7,7	37,1	44,5	52,1	55,4	59,7	64,1
Mar 09/08/2022	60,1	103,2	32,8	81,6	7,3	38,7	45,0	51,5	56,1	60,4	64,6
Mié 10/08/2022	60,8	103,9	32,8	82,7	8,1	36,6	44,4	51,6	56,0	61,2	65,6
Jue 11/08/2022	60,6	104,0	36,1	86,7	7,2	39,7	45,4	51,8	56,3	61,2	65,3
Vie 12/08/2022	61,1	104,3	32,5	83,3	7,6	39,3	46,5	53,4	56,7	62,1	66,6
Sáb 13/08/2022	61,1	104,7	34,6	83,1	6,9	42,1	49,7	55,4	59,5	62,8	65,5
Dom 14/08/2022	60,2	103,5	34,0	83,6	6,1	41,3	45,6	49,4	53,2	59,5	64,9
Lun 15/08/2022	60,6	103,0	30,4	82,1	7,6	36,0	41,7	48,0	52,9	59,0	63,9
Mar 16/08/2022	58,6	102,9	31,7	81,8	7,7	37,1	43,7	50,6	55,2	60,2	64,5
Mié 17/08/2022	60,2	103,2	33,2	82,4	7,8	36,4	45,3	51,2	55,1	60,1	64,6
Jue 18/08/2022	60,3	103,1	34,8	82,6	6,7	40,3	45,7	51,8	55,8	60,4	64,5
Vie 19/08/2022	61,9	103,7	33,6	83,2	8,4	37,4	47,4	53,9	57,3	61,3	65,1
Sáb 20/08/2022	61,0	104,5	36,9	83,3	6,6	42,1	48,7	54,5	58,4	61,3	65,6
Dom 21/08/2022	59,9	103,2	34,0	83,2	6,6	39,9	44,9	49,4	54,1	60,3	65,0
Lun 22/08/2022	61,5	103,7	32,3	87,5	7,3	37,7	45,3	51,1	55,1	59,6	63,9
Mar 23/08/2022	61,0	104,1	29,9	83,1	8,8	35,3	44,5	52,1	56,5	62,1	65,8
Mié 24/08/2022	60,7	103,8	30,7	82,0	8,5	35,6	44,1	51,6	56,4	62,0	66,2
Jue 25/08/2022	59,9	103,4	32,0	82,6	8,1	36,6	44,3	51,9	56,3	60,9	65,0
Vie 26/08/2022	60,5	104,2	34,1	84,7	7,6	38,1	45,5	51,6	55,7	61,1	65,5
Sáb 27/08/2022	60,6	103,7	38,3	83,0	6,3	42,0	47,8	52,9	56,7	60,8	64,5
Dom 28/08/2022	59,6	103,0	33,0	81,6	6,6	39,9	46,2	51,2	55,1	59,4	64,0
Lun 29/08/2022	59,7	102,9	29,7	83,1	8,6	34,5	43,9	50,9	55,2	59,8	64,1
Mar 30/08/2022	61,8	104,6	33,1	86,0	8,0	37,5	44,2	51,9	56,4	61,4	65,7
Mié 31/08/2022	60,6	104,6	33,1	89,3	7,9	37,4	44,8	51,8	56,1	61,2	65,6
Jue 01/09/2022	56,8	103,9	29,0	83,2	7,7	35,1	43,5	50,5	54,5	57,9	61,1
