Archivo	EMRI_33.CMG
Localización	EMRI_33
Tipo de datos	Leq
Ponderación	A
Unidad	dB
Inicio	31/07/2022 0:00:00:000
Fin	01/09/2022 0:00:00:000
Período	Dia0627_Ld (Ld)
Fragmentos de tiempo	Ld	07:01	21:00	K = 0 dBA	   	   	   	   	   	   	   
	Ld	SEL	Lmin	Lmax	StdDev	L90	L50	L20	L10	L5	L3
Día	dB	dB	dB	dB	dB	dB	dB	dB	dB	dB	dB
Dom 31/07/2022	63,8	102,4	47,8	85,8	5,0	52,4	56,2	59,8	62,9	67,2	71,5
Lun 01/08/2022	66,9	113,9	48,5	100,0	5,2	54,6	59,0	62,9	66,3	70,4	73,8
Mar 02/08/2022	67,9	114,9	49,3	99,9	5,2	54,9	59,3	63,3	66,5	70,7	74,3
Mié 03/08/2022	66,8	113,8	49,3	96,2	5,1	54,6	58,9	62,7	65,7	70,1	73,7
Jue 04/08/2022	67,5	114,5	48,4	98,0	5,3	54,6	59,0	62,9	66,4	70,8	74,4
Vie 05/08/2022	67,3	114,3	49,0	99,1	5,0	55,3	59,3	63,1	66,2	70,3	73,9
Sáb 06/08/2022	66,6	113,7	49,7	94,5	5,1	54,9	59,2	63,0	66,1	70,3	73,8
Dom 07/08/2022	66,6	113,7	44,6	99,0	5,5	52,5	56,5	60,2	64,0	69,2	73,1
Lun 08/08/2022	66,3	113,3	48,4	96,2	5,2	54,4	59,0	63,1	66,4	70,5	73,7
Mar 09/08/2022	66,4	113,4	48,2	94,0	5,1	54,8	59,2	62,9	66,1	70,4	73,9
Mié 10/08/2022	66,9	113,9	49,4	95,7	5,0	55,3	59,7	63,4	66,4	70,6	74,0
Jue 11/08/2022	68,0	115,0	49,5	102,7	5,2	54,9	59,2	63,0	66,1	70,4	74,0
Vie 12/08/2022	67,0	114,0	48,9	97,7	4,9	55,3	59,4	63,0	65,8	69,8	73,7
Sáb 13/08/2022	67,7	114,7	48,3	97,6	5,1	55,6	59,7	63,5	66,8	70,7	74,2
Dom 14/08/2022	65,7	112,7	44,1	94,8	5,5	52,4	57,1	61,1	64,5	68,9	72,7
Lun 15/08/2022	66,4	113,4	43,6	97,9	5,5	52,5	56,7	60,5	63,8	69,0	73,3
Mar 16/08/2022	68,3	115,3	48,4	100,2	5,3	55,3	59,9	64,3	67,6	71,0	73,9
Mié 17/08/2022	66,0	113,0	49,5	96,3	5,0	54,8	59,1	62,9	66,1	70,0	73,3
Jue 18/08/2022	67,3	114,3	48,0	102,7	5,0	54,7	59,1	62,8	65,8	69,8	73,1
Vie 19/08/2022	67,1	114,1	48,6	93,9	5,2	55,1	59,5	63,4	66,8	71,0	74,3
Sáb 20/08/2022	68,0	115,0	48,9	101,6	5,2	54,9	59,1	63,0	66,3	70,4	73,9
Dom 21/08/2022	65,6	112,6	42,1	95,3	5,5	52,5	56,7	60,6	64,2	69,2	72,9
Lun 22/08/2022	67,7	114,8	48,1	103,8	5,1	54,8	59,1	62,9	66,0	70,1	73,9
Mar 23/08/2022	67,0	114,0	49,1	98,5	5,0	55,0	59,4	63,2	66,3	70,2	73,4
Mié 24/08/2022	67,5	114,5	49,2	100,7	5,2	54,8	59,1	63,0	66,4	70,7	73,8
Jue 25/08/2022	68,2	115,2	48,0	101,6	5,2	55,1	59,5	63,4	66,7	70,7	74,2
Vie 26/08/2022	66,8	113,9	48,8	95,5	4,9	55,8	59,9	63,6	66,7	71,0	73,7
Sáb 27/08/2022	67,7	114,7	47,4	99,5	5,1	55,1	58,9	62,5	65,5	70,0	74,1
Dom 28/08/2022	67,4	114,4	44,2	100,7	5,6	52,1	56,7	60,5	63,8	69,0	72,9
Lun 29/08/2022	66,6	113,6	47,2	93,9	5,1	54,7	59,1	62,8	65,8	69,9	73,4
Mar 30/08/2022	67,0	114,0	47,9	100,2	5,0	54,6	58,9	62,6	65,6	69,6	72,9
Mié 31/08/2022	66,8	113,5	48,4	97,8	4,8	55,1	59,2	62,6	65,3	68,9	72,6
Período	Noche0627_Ln (Ln)
Fragmentos de tiempo	Ln	21:01	07:00	K = 0 dBA	   	   	   	   	   	   	   
	Ln	SEL	Lmin	Lmax	StdDev	L90	L50	L20	L10	L5	L3
Día	dB	dB	dB	dB	dB	dB	dB	dB	dB	dB	dB
Dom 31/07/2022	66,3	106,6	42,2	94,8	6,5	49,5	54,5	59,4	63,7	70,4	74,0
Lun 01/08/2022	69,3	110,9	38,0	99,4	7,4	43,2	50,9	57,5	60,6	63,9	67,4
Mar 02/08/2022	69,1	111,0	39,2	96,4	7,5	43,3	51,0	57,7	60,9	64,2	67,6
Mié 03/08/2022	67,3	109,7	36,9	91,8	7,5	43,6	51,6	58,1	61,4	64,7	68,3
Jue 04/08/2022	66,7	109,4	40,4	93,8	7,0	44,6	51,6	58,0	61,2	64,6	68,1
Vie 05/08/2022	67,7	110,6	38,5	94,3	7,5	44,8	53,8	59,6	62,4	65,4	69,7
Sáb 06/08/2022	66,2	109,3	42,3	93,2	5,9	49,3	55,8	60,5	64,1	67,1	68,6
Dom 07/08/2022	68,4	110,6	39,2	97,4	6,4	44,9	49,9	55,3	58,8	62,7	67,4
Lun 08/08/2022	66,5	109,1	39,4	94,2	7,2	43,4	50,6	57,6	60,6	63,5	66,5
Mar 09/08/2022	67,1	109,1	40,7	93,8	6,7	45,3	52,1	58,2	61,0	64,0	67,1
Mié 10/08/2022	66,8	109,5	38,3	93,4	7,4	43,4	51,5	57,9	61,1	64,4	68,4
Jue 11/08/2022	67,3	109,4	40,0	94,4	7,2	44,5	52,0	58,5	61,6	64,9	68,1
Vie 12/08/2022	69,8	111,3	37,6	100,5	7,6	43,4	53,2	59,0	61,6	64,9	68,6
Sáb 13/08/2022	68,5	110,8	41,2	98,9	6,1	48,0	54,7	59,5	62,8	66,3	69,3
Dom 14/08/2022	66,8	110,5	39,5	95,8	6,9	45,5	52,4	58,9	62,1	65,4	68,7
Lun 15/08/2022	68,7	110,1	38,5	100,7	6,8	43,0	48,9	54,8	58,2	61,9	66,0
Mar 16/08/2022	69,2	111,3	39,3	98,9	7,1	44,6	51,6	58,4	61,5	64,8	68,0
Mié 17/08/2022	69,8	111,5	40,6	103,3	6,9	45,0	51,9	58,2	61,4	64,5	68,1
Jue 18/08/2022	68,8	110,7	40,8	98,3	6,9	45,2	52,1	58,4	61,5	64,7	68,0
Vie 19/08/2022	67,6	109,6	40,5	92,6	7,0	45,0	54,2	59,0	61,8	65,3	69,0
Sáb 20/08/2022	68,5	110,4	41,2	97,8	6,3	47,0	54,2	59,4	62,4	64,9	68,6
Dom 21/08/2022	66,9	108,7	39,4	93,6	6,2	45,3	50,2	55,5	58,7	62,9	67,6
Lun 22/08/2022	69,3	110,8	39,8	102,0	6,9	44,2	51,0	57,5	60,6	63,5	66,7
Mar 23/08/2022	69,1	111,6	38,6	98,7	7,9	42,9	51,3	58,3	61,7	65,5	69,4
Mié 24/08/2022	67,6	109,8	40,3	96,4	7,4	43,9	51,3	58,0	61,4	65,5	69,8
Jue 25/08/2022	68,4	110,0	38,5	97,6	7,2	43,8	51,9	58,0	61,2	64,4	67,6
Vie 26/08/2022	66,7	109,6	42,6	92,0	6,4	46,6	53,7	58,8	61,7	65,0	68,1
Sáb 27/08/2022	64,8	108,2	44,5	93,5	5,5	48,6	53,5	58,3	61,4	64,5	67,7
Dom 28/08/2022	66,2	108,3	41,4	93,7	5,6	46,9	51,9	56,1	59,0	62,9	66,9
Lun 29/08/2022	66,7	109,4	38,5	95,4	8,4	42,8	52,7	60,6	65,0	67,3	68,9
Mar 30/08/2022	73,2	115,2	43,4	97,2	7,2	53,6	60,8	67,6	72,8	75,5	77,4
Mié 31/08/2022	65,4	112,4	42,2	90,1	6,6	50,2	60,0	64,6	67,0	69,1	71,0
