Archivo	20220801_000000_082136_1.CMG
Localización	EMRI_11
Tipo de datos	Slow
Ponderación	A
Unidad	dB
Inicio	31/07/2022 0:00:00:000
Fin	02/09/2022 0:00:00:000
Período	Dia0627_Ld (Ld)
Fragmentos de tiempo	Ld	07:01	21:00	K = 0 dBA	   	   	   	   	   	   	   
	Ld	SEL	Lmin	Lmax	StdDev	L90	L50	L20	L10	L5	L3
Día	dB	dB	dB	dB	dB	dB	dB	dB	dB	dB	dB
Dom 31/07/2022	54,9	93,5	40,8	69,0	5,8	43,6	46,4	52,0	58,3	63,0	64,6
Lun 01/08/2022	54,2	101,3	35,0	75,2	6,6	40,1	44,9	51,1	56,4	62,0	64,0
Mar 02/08/2022	55,1	102,1	35,6	78,0	6,9	40,0	45,7	52,2	57,8	62,9	64,5
Mié 03/08/2022	54,4	101,4	34,9	77,5	6,4	40,6	45,6	51,3	56,4	61,8	63,9
Jue 04/08/2022	54,3	101,4	35,7	76,0	6,5	40,2	45,5	51,0	56,6	61,9	63,9
Vie 05/08/2022	54,9	101,9	34,7	77,2	6,6	40,4	45,6	52,1	56,6	62,2	64,2
Sáb 06/08/2022	55,0	101,8	33,9	78,1	7,0	39,6	45,6	52,8	57,2	62,4	64,2
Dom 07/08/2022	54,5	101,4	31,6	79,4	7,3	38,1	44,0	51,2	56,5	62,2	64,0
Lun 08/08/2022	54,7	101,7	36,9	73,3	6,1	41,6	47,6	52,9	57,3	61,9	63,9
Mar 09/08/2022	54,2	101,2	35,5	77,1	6,2	40,5	45,9	51,2	56,2	61,8	63,8
Mié 10/08/2022	54,8	101,7	35,8	77,8	6,5	40,4	47,2	52,3	57,2	62,3	64,0
Jue 11/08/2022	54,4	101,4	35,0	73,2	6,8	39,9	44,6	51,4	57,1	62,3	64,0
Vie 12/08/2022	54,9	101,9	34,1	77,4	6,8	39,4	44,6	51,0	56,5	61,9	64,1
Sáb 13/08/2022	54,1	101,1	31,1	79,7	7,2	37,5	44,2	50,6	55,2	61,4	63,6
Dom 14/08/2022	54,8	101,8	29,5	86,6	7,6	36,8	43,8	50,8	56,5	62,1	63,9
Lun 15/08/2022	54,2	101,2	34,6	74,7	6,6	39,7	45,1	51,0	56,3	61,9	63,9
Mar 16/08/2022	55,5	102,5	34,2	82,4	7,1	39,1	44,6	51,2	57,1	62,4	64,6
Mié 17/08/2022	54,5	101,5	34,8	74,1	6,6	40,8	45,7	53,2	57,4	61,6	63,7
Jue 18/08/2022	54,9	101,9	35,0	76,2	7,0	39,7	44,7	51,9	57,9	62,6	64,2
Vie 19/08/2022	56,4	103,5	35,1	74,0	7,3	41,3	46,5	53,9	62,0	64,6	65,6
Sáb 20/08/2022	54,6	101,6	35,7	75,9	6,3	41,0	45,6	51,6	56,6	62,0	64,0
Dom 21/08/2022	53,5	100,5	32,5	81,0	6,9	38,4	43,5	50,3	55,3	60,8	63,2
Lun 22/08/2022	53,9	100,9	35,4	74,4	6,8	39,5	44,2	51,2	56,3	61,6	63,5
Mar 23/08/2022	55,6	102,6	36,6	84,8	6,5	41,0	46,5	52,9	57,1	61,7	63,9
Mié 24/08/2022	54,0	101,0	35,5	77,1	6,6	39,7	44,8	50,8	56,2	61,7	63,7
Jue 25/08/2022	57,7	104,7	33,8	77,4	8,4	40,2	48,8	59,0	62,2	64,8	66,0
Vie 26/08/2022	58,9	105,9	33,9	77,2	8,8	40,3	49,5	60,3	63,4	65,4	66,6
Sáb 27/08/2022	55,3	102,3	35,6	79,0	7,1	40,6	45,7	53,7	60,0	62,7	64,1
Dom 28/08/2022	55,1	102,1	31,0	73,8	7,7	38,2	43,5	51,7	58,2	62,7	64,5
Lun 29/08/2022	55,4	102,5	32,7	82,4	7,0	40,3	46,8	54,2	58,5	62,5	64,2
Mar 30/08/2022	55,1	102,1	34,6	78,7	7,1	39,2	45,7	52,5	57,9	62,5	64,2
Mié 31/08/2022	63,1	110,1	33,3	87,5	8,9	39,9	49,5	57,7	63,8	67,3	69,1
Jue 01/09/2022											
Período	Noche0627_Ln (Ln)
Fragmentos de tiempo	Ln	21:01	07:00	K = 0 dBA	   	   	   	   	   	   	   
	Ln	SEL	Lmin	Lmax	StdDev	L90	L50	L20	L10	L5	L3
Día	dB	dB	dB	dB	dB	dB	dB	dB	dB	dB	dB
Dom 31/07/2022	54,0	94,4	35,4	70,9	6,9	38,6	43,6	49,9	55,8	62,4	64,3
Lun 01/08/2022	57,2	99,8	32,6	84,3	8,0	35,6	40,9	48,6	55,0	61,8	64,4
Mar 02/08/2022	57,4	97,9	33,6	77,9	7,6	36,2	43,5	50,0	56,2	62,5	64,7
Mié 03/08/2022	57,8	100,0	33,9	83,6	8,0	36,6	41,7	49,1	56,0	62,5	64,8
Jue 04/08/2022	58,6	100,6	34,3	83,8	8,0	37,7	43,1	50,9	58,0	63,3	65,3
Vie 05/08/2022	60,2	100,2	33,9	85,5	7,9	36,4	42,0	49,4	55,6	62,7	64,8
Sáb 06/08/2022	63,9	99,1	34,6	86,8	7,4	38,0	44,2	52,3	55,4	61,7	63,9
Dom 07/08/2022	57,7	100,3	31,6	79,8	8,9	34,0	40,1	49,2	56,0	62,9	65,3
Lun 08/08/2022	53,9	96,7	32,2	77,9	7,7	35,1	40,1	47,7	53,4	60,6	63,5
Mar 09/08/2022	59,7	101,7	32,2	88,0	8,4	34,8	40,2	48,4	55,2	61,9	64,5
Mié 10/08/2022	57,8	99,2	29,0	82,6	8,5	34,2	39,3	48,6	54,8	61,7	64,1
Jue 11/08/2022	56,1	99,0	31,6	76,1	8,4	34,3	40,1	48,5	55,0	61,9	64,3
Vie 12/08/2022	56,6	98,9	31,6	77,5	8,4	34,5	40,3	48,5	55,2	62,3	64,7
Sáb 13/08/2022	57,9	96,8	31,3	76,1	8,2	35,6	42,3	50,4	56,4	62,2	64,0
Dom 14/08/2022	55,7	98,8	29,9	75,1	8,6	34,0	40,4	48,9	55,3	62,5	64,8
Lun 15/08/2022	55,8	95,8	31,6	73,5	7,9	35,2	40,7	48,5	54,0	61,3	63,9
Mar 16/08/2022	53,4	95,4	32,6	71,1	7,3	34,8	38,8	47,2	51,8	57,3	61,1
Mié 17/08/2022	54,5	96,6	30,9	79,8	7,6	35,2	41,4	48,8	54,0	59,8	62,7
Jue 18/08/2022	54,0	95,8	33,1	72,6	7,2	35,3	39,3	47,3	51,9	57,5	61,4
Vie 19/08/2022	54,2	95,4	32,9	73,6	7,3	35,9	42,0	48,9	54,1	59,9	62,6
Sáb 20/08/2022	54,2	96,9	31,8	72,9	7,1	34,8	42,2	47,8	52,4	58,1	61,7
Dom 21/08/2022	53,5	95,1	33,0	69,8	6,9	36,9	42,2	48,8	53,1	59,2	62,3
Lun 22/08/2022	52,2	94,6	28,7	70,7	8,2	31,4	39,8	48,1	52,5	58,2	61,7
Mar 23/08/2022	50,4	91,2	31,8	70,0	6,2	34,4	39,9	47,3	49,9	52,1	54,8
Mié 24/08/2022	54,0	95,4	30,8	70,6	8,2	32,8	40,3	48,3	53,3	60,1	62,7
Jue 25/08/2022	53,1	95,5	29,7	71,0	7,8	32,7	39,4	46,8	51,6	56,8	60,3
Vie 26/08/2022	53,3	95,6	33,0	71,2	7,0	35,5	38,9	47,0	51,7	57,0	60,8
Sáb 27/08/2022	52,3	95,7	32,0	75,0	7,3	35,8	40,3	48,2	53,2	59,0	61,9
Dom 28/08/2022	53,8	95,6	31,8	70,6	8,0	34,4	38,1	48,3	53,5	59,3	62,4
Lun 29/08/2022	54,0	97,0	30,2	71,3	7,9	33,1	39,6	47,7	52,5	58,4	61,6
Mar 30/08/2022	53,5	96,2	31,9	75,8	7,2	34,9	39,0	47,1	51,9	57,4	61,1
Mié 31/08/2022	53,2	95,6	32,5	73,7	7,3	34,5	38,2	47,0	51,9	56,7	60,3
Jue 01/09/2022	55,5	102,5	28,5	78,7	9,4	31,7	37,4	47,7	54,1	61,4	64,6
