Archivo	EMRI_7.CMG
Localización	EMRI_7
Tipo de datos	Leq
Ponderación	A
Unidad	dB
Inicio	31/07/2022 0:00:00:000
Fin	02/09/2022 0:00:00:000
Período	Dia0627_Ld (Ld)
Fragmentos de tiempo	Ld	07:01	21:00	K = 0 dBA	   	   	   	   	   	   	   
	Ld	SEL	Lmin	Lmax	StdDev	L90	L50	L20	L10	L5	L3
Día	dB	dB	dB	dB	dB	dB	dB	dB	dB	dB	dB
Dom 31/07/2022	62,9	101,4	48,6	85,2	4,6	51,1	54,0	56,9	59,2	62,9	67,4
Lun 01/08/2022	65,5	112,5	45,0	89,8	5,5	51,9	55,4	58,9	62,7	68,1	72,9
Mar 02/08/2022	65,7	112,8	47,3	90,6	5,4	52,3	55,3	58,9	62,4	68,1	73,6
Mié 03/08/2022	65,8	112,8	46,9	90,1	5,5	52,0	55,3	58,6	62,1	68,6	74,1
Jue 04/08/2022	65,7	112,7	49,2	89,8	5,1	53,0	55,9	59,1	62,3	67,6	73,4
Vie 05/08/2022	65,5	112,5	46,9	89,4	5,2	52,5	56,1	59,6	62,9	67,6	72,3
Sáb 06/08/2022	66,6	113,7	47,7	91,0	5,7	52,4	56,0	59,7	63,4	69,8	74,7
Dom 07/08/2022	65,5	112,5	45,4	88,6	5,9	50,5	55,2	59,1	62,8	68,4	73,6
Lun 08/08/2022	65,8	112,9	46,6	92,1	5,4	52,2	55,6	59,1	62,4	67,9	73,6
Mar 09/08/2022	66,0	113,0	47,8	90,1	5,4	52,3	55,8	59,0	62,3	68,2	73,9
Mié 10/08/2022	66,4	113,4	45,2	91,4	5,8	51,8	56,2	59,9	63,1	69,2	75,1
Jue 11/08/2022	66,2	113,2	47,1	91,0	5,7	51,6	54,8	58,7	62,5	68,7	74,1
Vie 12/08/2022	65,6	112,6	47,3	91,3	5,4	52,3	55,6	59,5	63,3	68,2	72,8
Sáb 13/08/2022	66,9	113,9	46,9	93,4	6,1	51,6	55,2	59,6	63,9	70,2	75,3
Dom 14/08/2022	65,7	112,7	42,1	92,3	5,9	50,1	54,6	58,2	61,7	67,9	73,2
Lun 15/08/2022	65,4	112,5	44,9	89,6	6,0	50,4	55,0	59,5	62,8	68,2	73,2
Mar 16/08/2022	64,7	111,7	47,0	89,8	5,0	52,4	55,5	58,8	62,1	66,6	70,9
Mié 17/08/2022	66,3	113,3	46,1	90,9	5,5	52,6	55,9	59,2	62,8	69,0	74,6
Jue 18/08/2022	65,0	112,0	44,0	90,8	5,6	51,1	55,5	59,6	62,9	67,1	71,6
Vie 19/08/2022	65,6	112,6	46,5	89,3	5,5	51,9	55,8	59,4	62,7	68,0	73,3
Sáb 20/08/2022	66,0	113,1	47,1	90,6	5,6	51,7	54,9	58,4	61,7	68,1	74,3
Dom 21/08/2022	65,0	112,1	44,7	89,2	5,6	50,7	53,9	57,4	61,1	67,2	73,0
Lun 22/08/2022	65,4	112,4	44,8	89,4	5,8	50,7	54,2	58,0	61,5	67,7	73,6
Mar 23/08/2022	63,4	110,4	46,5	89,1	4,9	51,7	55,0	58,9	62,0	65,5	68,8
Mié 24/08/2022	66,0	113,0	45,9	90,6	6,1	50,9	54,8	59,1	63,5	69,7	74,7
Jue 25/08/2022	65,8	112,8	46,2	92,0	5,6	51,2	55,1	58,5	62,1	68,3	73,6
Vie 26/08/2022	65,7	112,7	47,8	90,0	5,6	52,9	56,9	62,1	65,9	69,6	72,7
Sáb 27/08/2022	65,9	113,0	47,0	89,2	5,7	52,1	56,3	60,7	64,0	69,0	73,6
Dom 28/08/2022	65,0	112,0	44,6	91,7	5,7	50,3	53,7	57,6	61,5	66,9	72,6
Lun 29/08/2022	65,6	112,6	47,4	90,5	5,6	51,6	54,8	58,5	62,4	68,4	73,6
Mar 30/08/2022	65,0	112,0	46,2	91,0	5,6	51,6	55,4	59,7	63,2	68,1	72,6
Mié 31/08/2022	65,3	112,3	43,6	90,5	5,7	51,2	55,7	59,3	62,9	68,2	72,6
Jue 01/09/2022											
Período	Noche0627_Ln (Ln)
Fragmentos de tiempo	Ln	21:01	07:00	K = 0 dBA	   	   	   	   	   	   	   
	Ln	SEL	Lmin	Lmax	StdDev	L90	L50	L20	L10	L5	L3
Día	dB	dB	dB	dB	dB	dB	dB	dB	dB	dB	dB
Dom 31/07/2022	62,8	103,1	45,7	89,5	4,9	49,6	52,6	56,4	59,5	63,3	66,1
Lun 01/08/2022	65,2	109,8	42,3	89,9	6,5	47,2	53,2	58,8	62,9	66,0	68,9
Mar 02/08/2022	66,5	111,2	42,4	92,6	6,4	48,2	53,7	58,8	63,1	67,2	70,5
Mié 03/08/2022	67,9	112,3	42,7	94,8	6,9	48,4	54,4	60,4	65,6	70,1	72,1
Jue 04/08/2022	66,4	110,8	40,8	91,4	6,5	48,0	53,6	58,9	63,2	66,8	70,0
Vie 05/08/2022	65,8	110,3	41,9	93,6	6,6	47,3	52,8	58,7	62,5	66,4	69,7
Sáb 06/08/2022	67,6	112,1	43,3	92,8	6,1	50,5	54,9	60,4	64,1	68,0	72,0
Dom 07/08/2022	64,4	109,7	43,2	90,4	6,2	48,3	53,1	58,5	63,1	67,1	70,0
Lun 08/08/2022	65,5	110,1	42,2	92,2	6,4	48,1	52,9	58,9	62,5	66,3	69,2
Mar 09/08/2022	67,0	111,5	38,3	93,8	7,3	45,3	52,9	58,2	62,5	66,7	70,6
Mié 10/08/2022	60,7	106,1	36,3	89,5	7,4	40,2	50,8	56,2	59,5	62,6	64,8
Jue 11/08/2022	61,9	106,6	37,4	86,2	6,8	42,5	51,0	55,5	58,9	62,9	65,8
Vie 12/08/2022	63,0	108,5	35,0	91,1	7,8	41,8	53,2	58,0	61,6	66,0	68,3
Sáb 13/08/2022	63,9	108,9	40,2	90,5	5,9	47,7	52,9	57,4	61,0	64,9	67,5
Dom 14/08/2022	61,2	106,1	36,1	87,3	6,2	43,8	51,4	55,2	58,2	61,8	65,4
Lun 15/08/2022	65,1	109,7	40,9	95,5	6,3	47,6	52,8	58,2	62,9	65,8	68,4
Mar 16/08/2022	62,9	106,7	45,4	88,2	4,7	49,3	53,2	57,1	59,6	62,1	64,1
Mié 17/08/2022	62,3	106,8	44,6	89,7	5,0	48,7	53,7	57,8	59,9	62,5	65,0
Jue 18/08/2022	60,9	106,4	44,5	87,8	4,8	49,0	53,2	57,5	60,2	62,6	64,8
Vie 19/08/2022	61,9	106,7	43,2	87,9	5,2	48,5	52,0	56,9	60,4	64,1	66,4
Sáb 20/08/2022	61,8	106,2	40,2	86,9	5,7	44,8	53,1	57,0	59,1	61,8	64,0
Dom 21/08/2022	61,3	105,3	35,6	86,7	6,1	41,9	48,9	53,5	56,4	59,0	61,5
Lun 22/08/2022	59,1	104,5	32,8	85,2	7,0	37,9	46,3	51,8	54,6	57,7	60,3
Mar 23/08/2022	60,2	104,7	35,6	85,5	6,2	42,2	51,9	56,0	58,4	60,5	62,3
Mié 24/08/2022	60,0	101,9	36,7	87,1	5,2	42,5	49,8	53,7	56,0	58,4	59,8
Jue 25/08/2022	60,8	105,3	33,7	87,5	6,8	40,5	48,5	54,3	56,9	59,4	61,8
Vie 26/08/2022	61,8	107,2	39,8	89,2	5,6	47,0	53,1	57,0	60,0	63,4	66,2
Sáb 27/08/2022	61,8	106,5	42,2	85,6	5,4	47,0	52,9	56,8	59,8	62,6	65,2
Dom 28/08/2022	61,2	105,3	37,8	87,5	5,7	42,2	47,1	51,8	54,9	57,8	60,5
Lun 29/08/2022	60,4	105,8	33,5	89,6	7,0	40,0	49,9	54,8	57,3	60,1	62,5
Mar 30/08/2022	62,3	106,4	35,4	88,3	7,1	41,0	51,7	56,2	59,3	63,6	66,0
Mié 31/08/2022	61,5	105,8	40,2	90,1	5,3	46,1	50,0	55,3	58,1	60,3	62,5
Jue 01/09/2022	67,0	107,2	43,0	92,1	6,9	46,2	49,5	56,3	60,6	65,8	71,3
