Archivo	EMRI_8.CMG
Localización	EMRI_8
Tipo de datos	Leq
Ponderación	A
Unidad	dB
Inicio	31/07/2022 0:00:00:000
Fin	01/09/2022 0:00:00:000
Período	Dia0627_Ld (Ld)
Fragmentos de tiempo	Ld	07:01	21:00	K = 0 dBA	   	   	   	   	   	   	   
	Ld	SEL	Lmin	Lmax	StdDev	L90	L50	L20	L10	L5	L3
Día	dB	dB	dB	dB	dB	dB	dB	dB	dB	dB	dB
Dom 31/07/2022	63,7	102,3	47,7	82,1	4,6	54,5	57,9	61,4	64,5	68,4	71,5
Lun 01/08/2022	65,6	112,6	47,2	97,7	4,8	55,1	59,4	63,2	66,0	69,6	72,8
Mar 02/08/2022	65,6	112,7	47,8	90,5	4,8	55,6	59,7	63,5	66,4	70,0	73,5
Mié 03/08/2022	65,6	112,6	49,3	91,7	4,9	55,4	59,8	63,8	66,7	70,1	73,0
Jue 04/08/2022	65,5	112,6	49,1	91,1	5,0	55,1	59,4	63,5	66,5	70,2	73,4
Vie 05/08/2022	65,8	112,8	49,4	87,3	4,8	56,2	60,7	64,6	67,6	70,8	73,2
Sáb 06/08/2022	66,0	113,1	49,0	89,9	4,6	56,8	60,4	64,0	66,8	70,5	73,7
Dom 07/08/2022	65,3	112,3	43,0	94,4	5,2	54,1	59,0	62,8	65,5	69,2	72,6
Lun 08/08/2022	65,9	112,9	48,2	98,2	5,0	54,9	59,4	63,5	66,5	70,2	73,5
Mar 09/08/2022	69,2	116,2	48,3	96,5	5,3	55,6	60,0	64,1	67,5	71,6	75,0
Mié 10/08/2022	66,4	113,4	49,1	90,5	5,0	55,8	60,1	64,1	67,3	71,2	74,6
Jue 11/08/2022	66,6	113,6	49,6	96,5	5,0	56,0	60,2	64,4	67,6	71,3	74,2
Vie 12/08/2022	66,4	113,4	49,0	97,5	5,0	56,0	60,5	64,6	67,5	71,1	73,9
Sáb 13/08/2022	66,3	113,3	45,1	93,5	4,8	56,4	60,6	64,4	67,0	70,4	73,6
Dom 14/08/2022	64,9	111,9	41,8	88,7	5,5	53,1	57,9	62,0	65,2	69,3	72,8
Lun 15/08/2022	65,4	112,4	40,8	95,2	5,4	53,7	58,2	62,3	65,6	69,7	73,4
Mar 16/08/2022	65,9	112,9	48,6	92,5	5,0	55,3	60,2	64,1	66,9	70,4	73,1
Mié 17/08/2022	65,1	112,1	48,0	88,4	4,9	55,0	59,4	63,4	66,4	69,6	72,4
Jue 18/08/2022	64,9	111,8	47,6	87,7	4,8	54,9	59,7	63,5	66,3	69,4	72,1
Vie 19/08/2022	66,2	113,2	49,7	93,2	5,0	55,5	59,9	63,8	66,9	70,7	73,9
Sáb 20/08/2022	66,2	113,2	45,9	92,7	4,8	56,3	60,1	64,1	67,4	70,6	73,9
Dom 21/08/2022	65,2	112,3	44,7	87,9	5,0	54,8	59,4	63,1	66,0	69,8	73,2
Lun 22/08/2022	65,6	112,6	48,0	90,8	5,1	54,8	59,5	63,6	66,6	70,3	73,5
Mar 23/08/2022	65,2	112,2	49,1	90,7	4,9	55,1	59,6	63,6	66,6	69,8	72,5
Mié 24/08/2022	65,7	112,7	48,7	88,3	5,0	55,2	59,4	63,4	66,4	70,1	73,4
Jue 25/08/2022	65,6	112,6	49,0	90,8	5,0	55,0	59,4	63,4	66,5	70,2	73,3
Vie 26/08/2022	65,6	112,6	48,9	91,0	4,8	56,1	60,4	64,5	67,5	70,6	72,9
Sáb 27/08/2022	65,9	112,9	48,5	90,9	4,8	56,0	59,9	63,7	66,8	70,7	73,7
Dom 28/08/2022	65,7	112,7	42,2	96,4	5,4	53,1	57,7	61,6	64,7	68,9	72,8
Lun 29/08/2022	65,5	112,5	46,7	89,7	5,0	55,0	59,6	63,4	66,3	70,0	73,2
Mar 30/08/2022	65,6	112,6	48,7	97,3	5,0	55,2	59,8	63,9	67,0	70,3	73,0
Mié 31/08/2022	65,4	112,4	48,4	90,2	4,8	55,5	60,0	63,9	66,7	70,1	72,7
Período	Noche0627_Ln (Ln)
Fragmentos de tiempo	Ln	21:01	07:00	K = 0 dBA	   	   	   	   	   	   	   
	Ln	SEL	Lmin	Lmax	StdDev	L90	L50	L20	L10	L5	L3
Día	dB	dB	dB	dB	dB	dB	dB	dB	dB	dB	dB
Dom 31/07/2022	65,2	105,5	41,3	87,2	6,4	50,0	55,4	60,4	64,5	70,5	74,5
Lun 01/08/2022	65,4	108,2	35,0	88,8	8,4	41,2	51,5	59,4	62,7	66,0	68,7
Mar 02/08/2022	66,5	109,0	31,8	93,0	10,3	36,2	52,0	59,6	63,0	66,1	68,9
Mié 03/08/2022	65,3	108,4	35,0	89,3	8,9	39,8	52,9	59,7	62,9	66,2	69,0
Jue 04/08/2022	66,6	109,1	33,7	95,2	9,9	37,9	53,5	60,0	63,4	66,8	70,4
Vie 05/08/2022	66,2	109,2	33,7	88,0	9,4	39,8	54,7	60,8	63,6	66,8	70,1
Sáb 06/08/2022	65,3	108,6	41,1	89,7	6,2	48,4	57,3	61,6	64,2	66,4	69,0
Dom 07/08/2022	65,0	107,6	36,6	89,2	6,8	44,4	51,6	57,4	60,8	64,3	67,6
Lun 08/08/2022	64,5	107,9	35,1	90,7	8,4	41,5	51,4	59,6	62,9	65,7	68,3
Mar 09/08/2022	65,2	107,9	33,9	87,5	8,5	41,1	52,8	59,6	62,6	65,6	68,3
Mié 10/08/2022	66,3	108,8	37,5	100,7	8,1	42,2	52,9	59,7	62,9	66,2	69,3
Jue 11/08/2022	64,7	108,3	38,1	87,5	7,7	43,7	54,3	60,2	63,2	66,3	69,1
Vie 12/08/2022	66,5	109,4	34,1	91,7	8,6	41,9	55,0	60,9	63,9	67,1	70,0
Sáb 13/08/2022	65,5	108,5	36,5	89,5	6,9	46,8	55,8	60,6	63,6	66,7	68,8
Dom 14/08/2022	65,1	107,9	34,4	91,7	7,1	44,2	53,4	58,5	61,3	64,2	67,3
Lun 15/08/2022	64,9	107,3	34,7	87,7	7,3	42,7	53,0	57,9	61,1	64,3	67,2
Mar 16/08/2022	65,8	109,0	34,3	95,7	7,6	44,3	53,3	59,9	63,2	66,5	69,2
Mié 17/08/2022	64,7	108,3	35,7	89,6	8,4	41,9	53,4	60,2	63,4	66,5	69,2
Jue 18/08/2022	65,0	108,1	36,4	88,0	8,4	41,7	53,8	60,2	63,4	66,5	69,1
Vie 19/08/2022	66,6	109,1	35,8	91,8	8,1	43,3	54,7	60,5	63,5	66,7	69,6
Sáb 20/08/2022	65,8	110,3	40,3	88,9	7,0	47,5	56,9	61,8	65,0	68,6	72,0
Dom 21/08/2022	65,2	108,2	39,1	88,2	6,4	46,7	53,3	58,6	61,7	65,3	68,7
Lun 22/08/2022	65,6	109,8	35,5	93,6	7,7	44,4	54,9	60,5	63,8	67,4	70,6
Mar 23/08/2022	66,6	109,6	32,2	90,2	8,9	41,0	53,8	60,2	63,6	67,6	71,0
Mié 24/08/2022	65,0	109,1	32,8	88,0	9,0	40,8	54,0	60,3	63,8	67,4	70,7
Jue 25/08/2022	65,0	109,2	36,5	90,2	7,8	44,3	55,3	61,1	64,4	67,7	70,5
Vie 26/08/2022	65,4	108,9	36,3	89,2	7,8	43,6	54,5	60,3	63,6	67,0	70,1
Sáb 27/08/2022	66,0	109,0	39,2	87,5	6,7	46,6	56,1	60,8	63,3	66,4	69,5
Dom 28/08/2022	64,4	108,4	37,4	90,7	6,1	48,3	54,7	59,6	62,5	66,0	69,9
Lun 29/08/2022	65,0	109,2	32,2	91,0	8,3	43,6	54,0	60,3	63,6	67,1	70,0
Mar 30/08/2022	66,1	109,6	34,0	89,5	8,3	42,6	55,0	60,7	64,1	67,7	70,9
Mié 31/08/2022	64,6	107,5	34,6	86,8	8,6	40,7	53,5	60,3	63,5	66,6	69,0
