Archivo	EMRI_30.CMG
Localización	EMRI_30
Tipo de datos	Leq
Ponderación	A
Unidad	dB
Inicio	31/07/2022 0:00:00:000
Fin	02/09/2022 0:00:00:000
Período	Dia0627_Ld (Ld)
Fragmentos de tiempo	Ld	07:01	21:00	K = 0 dBA	   	   	   	   	   	   	   
	Ld	SEL	Lmin	Lmax	StdDev	L90	L50	L20	L10	L5	L3
Día	dB	dB	dB	dB	dB	dB	dB	dB	dB	dB	dB
Dom 31/07/2022	66,3	104,9	43,2	93,2	5,8	49,5	53,1	57,3	61,0	65,9	70,7
Lun 01/08/2022	66,7	113,8	44,8	90,5	6,3	51,8	55,7	60,6	65,6	72,4	75,4
Mar 02/08/2022	66,8	113,8	46,4	94,5	6,2	52,0	56,0	61,2	65,4	71,5	75,4
Mié 03/08/2022	67,8	114,8	46,4	99,0	6,4	51,6	55,6	60,8	65,5	72,1	75,9
Jue 04/08/2022	66,9	114,0	47,4	95,7	6,1	52,1	56,2	61,5	65,8	71,2	75,3
Vie 05/08/2022	67,2	114,3	45,6	96,0	6,0	51,9	55,6	60,2	64,5	70,2	74,7
Sáb 06/08/2022	67,9	115,0	44,4	100,2	6,4	51,3	55,4	60,2	65,1	71,5	75,5
Dom 07/08/2022	67,4	114,4	43,0	101,9	6,7	49,4	54,0	59,0	64,0	70,7	74,9
Lun 08/08/2022	66,5	113,5	45,4	91,7	6,1	52,1	56,4	61,4	65,9	71,5	75,3
Mar 09/08/2022	66,8	113,8	46,7	94,7	6,1	51,8	55,7	60,4	64,9	71,2	75,3
Mié 10/08/2022	67,8	114,8	45,0	97,9	6,5	51,9	56,5	61,7	66,4	72,8	76,3
Jue 11/08/2022	67,6	114,6	46,7	99,1	6,4	51,2	55,0	60,0	64,8	71,8	76,0
Vie 12/08/2022	67,7	114,7	46,7	97,5	6,2	51,6	55,7	60,6	64,7	70,1	74,8
Sáb 13/08/2022	68,6	115,6	42,4	96,4	6,7	50,7	55,4	60,5	65,5	72,0	76,1
Dom 14/08/2022	68,4	115,4	41,4	96,8	7,5	50,3	58,2	65,4	69,1	72,8	75,5
Lun 15/08/2022	66,2	113,2	41,2	95,0	6,8	49,5	53,9	59,4	64,7	71,0	75,0
Mar 16/08/2022	66,2	113,2	46,5	94,0	5,9	51,5	55,6	60,1	64,1	69,4	73,6
Mié 17/08/2022	68,0	115,0	44,8	98,5	6,2	52,1	56,2	61,0	65,5	71,8	75,5
Jue 18/08/2022	66,4	113,4	44,2	95,8	6,0	51,1	55,2	59,7	63,9	69,8	73,9
Vie 19/08/2022	67,0	114,0	46,5	96,2	6,2	51,7	55,8	60,8	65,2	70,9	75,0
Sáb 20/08/2022	68,5	115,5	45,3	99,5	6,5	50,9	55,5	60,1	65,0	71,7	75,8
Dom 21/08/2022	66,7	113,7	43,5	95,3	6,8	49,3	53,7	59,0	64,4	70,9	75,1
Lun 22/08/2022	66,6	113,6	44,4	93,7	6,4	51,1	55,4	61,1	65,7	71,5	75,4
Mar 23/08/2022	64,8	111,8	44,7	93,2	5,6	51,3	55,0	59,4	63,2	67,7	71,9
Mié 24/08/2022	67,7	114,7	46,3	96,7	6,4	51,3	55,4	60,6	65,3	71,7	75,6
Jue 25/08/2022	67,6	114,6	45,2	99,0	6,4	51,2	55,1	60,2	65,1	71,4	75,5
Vie 26/08/2022	66,8	113,8	46,9	98,3	6,1	52,1	56,4	61,1	65,9	71,2	74,5
Sáb 27/08/2022	68,7	115,8	45,7	97,2	7,0	51,4	56,9	64,5	68,2	71,9	75,5
Dom 28/08/2022	65,7	112,7	40,8	92,2	6,7	48,9	53,8	58,5	63,9	70,5	74,5
Lun 29/08/2022	67,5	114,5	44,8	96,7	6,6	51,4	55,7	61,3	66,3	73,0	76,5
Mar 30/08/2022	67,5	114,5	44,6	96,6	6,7	51,7	56,5	62,4	68,0	73,2	75,9
Mié 31/08/2022	67,5	114,5	44,0	97,3	6,6	51,4	55,7	61,3	67,4	72,2	75,3
Jue 01/09/2022	69,8	116,2	46,9	95,2	7,4	52,0	56,7	63,8	70,1	76,0	78,8
Período	Noche0627_Ln (Ln)
Fragmentos de tiempo	Ln	21:01	07:00	K = 0 dBA	   	   	   	   	   	   	   
	Ln	SEL	Lmin	Lmax	StdDev	L90	L50	L20	L10	L5	L3
Día	dB	dB	dB	dB	dB	dB	dB	dB	dB	dB	dB
Dom 31/07/2022	62,3	102,6	41,9	87,4	5,9	46,8	51,2	56,1	60,5	64,4	67,3
Lun 01/08/2022	62,1	107,4	38,3	91,0	6,4	43,4	50,4	55,5	58,5	62,1	64,7
Mar 02/08/2022	65,9	108,6	36,3	98,9	6,2	45,1	51,5	56,0	59,0	62,7	65,8
Mié 03/08/2022	63,0	108,4	34,6	91,7	6,9	45,0	50,8	56,8	62,0	65,8	68,0
Jue 04/08/2022	61,2	106,7	37,8	88,8	5,7	46,1	51,1	55,5	58,7	62,5	65,5
Vie 05/08/2022	64,2	108,7	35,5	94,0	6,6	44,0	51,7	56,5	59,5	62,9	65,9
Sáb 06/08/2022	66,6	109,3	38,1	97,3	5,6	48,0	53,3	57,4	61,0	64,2	65,7
Dom 07/08/2022	62,3	107,1	36,0	92,8	6,2	43,7	49,3	53,8	57,5	61,9	65,0
Lun 08/08/2022	62,6	108,0	38,7	94,3	6,1	45,1	50,6	55,3	58,6	62,7	65,8
Mar 09/08/2022	64,6	107,9	37,3	96,8	6,4	44,2	50,8	56,0	59,0	62,6	65,8
Mié 10/08/2022	61,5	106,9	33,8	90,0	7,5	40,1	49,3	55,0	58,4	62,4	65,1
Jue 11/08/2022	64,0	107,7	33,8	92,7	7,1	41,3	49,8	54,7	58,0	61,7	64,8
Vie 12/08/2022	65,2	108,4	33,9	96,1	7,3	41,2	51,6	56,2	59,2	62,9	65,8
Sáb 13/08/2022	61,8	105,3	36,2	85,6	6,8	42,4	50,2	55,3	59,6	62,8	65,3
Dom 14/08/2022	64,9	108,1	35,3	97,3	6,0	43,6	49,3	53,3	56,6	61,0	64,2
Lun 15/08/2022	62,5	108,0	32,6	94,1	6,5	41,9	48,3	52,8	56,4	60,9	64,3
Mar 16/08/2022	65,1	108,6	37,6	97,0	6,3	45,4	52,3	56,8	59,7	63,2	66,1
Mié 17/08/2022	63,8	108,2	39,2	91,2	6,4	45,7	51,8	57,5	60,9	64,3	67,0
Jue 18/08/2022	62,6	107,8	40,5	94,1	5,8	46,9	51,7	56,6	59,9	63,5	66,2
Vie 19/08/2022	65,9	107,2	40,9	95,7	5,2	46,4	51,3	55,6	58,5	61,6	64,0
Sáb 20/08/2022	64,2	108,0	37,6	92,9	6,1	45,3	53,5	57,5	59,9	62,7	65,5
Dom 21/08/2022	65,5	108,6	35,1	95,4	6,5	43,7	51,4	56,3	58,9	62,0	65,1
Lun 22/08/2022	62,3	107,3	31,4	89,9	8,0	38,4	47,8	54,3	58,0	61,8	64,9
Mar 23/08/2022	61,6	106,2	32,8	91,0	7,2	41,3	50,0	55,5	58,8	62,3	64,9
Mié 24/08/2022	63,2	104,7	32,5	85,8	6,7	41,4	49,3	54,6	57,9	61,4	63,8
Jue 25/08/2022	62,9	108,0	32,6	94,8	7,7	40,2	49,2	55,1	58,5	62,6	65,8
Vie 26/08/2022	62,1	107,4	37,2	89,1	6,3	45,0	51,5	56,1	59,5	63,4	66,5
Sáb 27/08/2022	62,2	107,5	39,0	88,7	6,2	45,4	50,7	55,4	59,2	63,8	66,8
Dom 28/08/2022	64,5	108,3	35,2	95,7	6,5	41,2	46,6	51,4	54,9	60,0	63,8
Lun 29/08/2022	62,2	107,4	31,1	90,4	7,7	39,3	49,0	54,6	58,1	61,9	64,9
Mar 30/08/2022	66,5	108,8	32,5	96,9	7,3	40,7	50,5	55,3	58,5	62,7	65,8
Mié 31/08/2022	61,8	106,7	37,4	89,0	6,4	43,4	49,7	55,1	58,4	62,0	64,8
Jue 01/09/2022	63,3	110,3	34,5	93,4	6,7	42,9	49,2	54,7	58,1	62,0	65,2
