Archivo	EMRI_15.CMG
Localización	EMRI_15
Tipo de datos	Leq
Ponderación	A
Unidad	dB
Inicio	31/07/2022 0:00:00:000
Fin	02/09/2022 0:00:00:000
Período	Dia0627_Ld (Ld)
Fragmentos de tiempo	Ld	07:01	21:00	K = 0 dBA	   	   	   	   	   	   	   
	Ld	SEL	Lmin	Lmax	StdDev	L90	L50	L20	L10	L5	L3
Día	dB	dB	dB	dB	dB	dB	dB	dB	dB	dB	dB
Dom 31/07/2022	71,1	109,7	53,4	93,4	5,2	58,7	61,8	65,8	69,7	73,2	76,6
Lun 01/08/2022	72,2	119,2	50,4	97,2	5,5	57,8	61,7	65,5	69,3	73,3	76,8
Mar 02/08/2022	72,0	119,0	52,7	98,2	5,4	58,0	61,7	65,5	69,1	73,2	76,4
Mié 03/08/2022	72,3	119,4	51,4	101,0	5,3	58,0	61,8	65,6	68,9	73,0	76,4
Jue 04/08/2022	72,4	119,4	52,9	102,1	5,3	58,4	62,2	66,2	69,7	73,4	77,0
Vie 05/08/2022	72,7	119,7	51,6	98,7	5,8	57,1	61,6	65,6	69,4	73,5	77,2
Sáb 06/08/2022	71,9	118,9	47,6	101,3	5,6	56,1	60,9	64,5	68,0	72,2	75,1
Dom 07/08/2022	72,1	119,1	52,6	100,6	5,3	57,9	61,5	65,2	68,8	72,9	76,1
Lun 08/08/2022	71,2	118,2	53,1	99,7	4,8	58,8	62,1	65,3	68,5	72,4	75,2
Mar 09/08/2022	72,5	119,6	52,0	104,7	5,1	58,2	61,8	65,4	68,8	72,6	75,5
Mié 10/08/2022	72,2	119,3	52,1	101,1	5,1	58,6	62,2	66,1	69,2	72,8	76,0
Jue 11/08/2022	71,3	118,3	52,3	100,6	5,1	57,8	61,4	64,9	68,0	71,8	74,7
Vie 12/08/2022	74,5	121,5	49,8	101,9	6,4	56,9	61,2	65,7	70,4	75,2	80,0
Sáb 13/08/2022	75,6	122,6	47,6	110,4	6,3	56,0	60,7	65,1	69,4	74,1	78,5
Dom 14/08/2022	72,7	119,8	48,2	102,0	5,7	56,6	60,4	64,6	68,2	72,6	76,2
Lun 15/08/2022	71,6	118,7	51,5	107,1	5,1	57,1	60,4	63,9	67,3	71,4	74,3
Mar 16/08/2022	74,3	121,3	50,1	101,1	6,2	56,8	61,5	65,5	69,7	74,3	79,7
Mié 17/08/2022	71,6	118,6	54,0	99,4	5,0	58,7	62,2	65,8	68,8	72,6	75,4
Jue 18/08/2022	72,6	119,6	48,7	101,7	5,7	57,5	61,4	65,3	69,4	73,7	77,3
Vie 19/08/2022	74,2	121,2	49,0	109,8	5,5	57,1	61,5	65,7	68,9	72,4	75,6
Sáb 20/08/2022	72,7	119,7	50,1	104,6	5,5	57,3	60,9	64,5	68,2	72,4	76,0
Dom 21/08/2022	71,0	118,0	47,7	99,9	5,5	56,5	59,8	63,7	67,5	72,1	75,4
Lun 22/08/2022	70,7	117,7	52,2	98,2	5,0	58,1	61,3	64,9	68,3	72,1	74,7
Mar 23/08/2022	72,0	119,0	50,3	100,6	4,9	58,4	62,6	65,7	68,0	71,8	74,9
Mié 24/08/2022	71,8	118,8	52,3	100,8	5,0	58,6	62,1	65,2	68,4	72,5	75,6
Jue 25/08/2022	72,4	119,4	51,3	100,0	5,6	57,9	61,6	65,6	69,8	73,9	77,9
Vie 26/08/2022	75,2	122,3	50,7	109,5	6,0	57,6	61,6	65,9	70,2	74,8	79,4
Sáb 27/08/2022	73,1	120,1	49,1	99,7	6,0	56,7	60,7	65,2	69,5	73,8	77,5
Dom 28/08/2022	70,4	117,5	47,4	96,1	5,3	56,5	60,3	63,8	67,4	71,9	74,6
Lun 29/08/2022	72,3	119,3	50,8	101,6	5,6	57,6	61,7	65,8	69,7	73,5	76,9
Mar 30/08/2022	72,2	119,3	48,8	103,1	5,4	57,5	61,5	65,2	68,6	72,7	75,9
Mié 31/08/2022	73,2	120,2	48,7	100,4	5,8	57,7	61,8	66,0	70,0	74,4	78,3
Jue 01/09/2022	71,9	107,4	53,8	94,8	5,3	58,7	62,3	66,0	69,6	73,8	77,4
Período	Noche0627_Ln (Ln)
Fragmentos de tiempo	Ln	21:01	07:00	K = 0 dBA	   	   	   	   	   	   	   
	Ln	SEL	Lmin	Lmax	StdDev	L90	L50	L20	L10	L5	L3
Día	dB	dB	dB	dB	dB	dB	dB	dB	dB	dB	dB
Dom 31/07/2022	71,3	111,6	49,4	95,1	5,5	56,5	60,7	64,8	68,3	71,8	73,8
Lun 01/08/2022	72,7	118,1	43,9	99,8	7,3	50,7	59,5	64,2	67,6	72,0	75,1
Mar 02/08/2022	75,1	120,1	42,7	105,8	7,0	51,5	59,4	63,9	67,3	71,6	75,1
Mié 03/08/2022	75,0	119,6	43,1	101,5	7,0	52,6	59,6	65,0	68,3	72,5	76,5
Jue 04/08/2022	73,4	118,1	43,7	100,5	6,9	52,3	60,1	65,2	68,4	72,2	75,5
Vie 05/08/2022	73,9	118,8	42,9	100,3	7,0	52,4	59,0	64,5	67,9	72,1	75,5
Sáb 06/08/2022	72,8	115,1	37,6	99,0	8,0	45,0	54,7	60,3	64,1	68,8	72,5
Dom 07/08/2022	72,8	117,8	42,8	101,3	7,0	50,8	58,2	63,2	66,5	71,1	74,1
Lun 08/08/2022	72,5	117,3	43,4	100,4	7,2	50,7	59,0	65,0	67,9	71,4	74,5
Mar 09/08/2022	75,3	119,9	40,8	104,5	7,6	49,9	59,1	64,1	67,3	71,6	75,0
Mié 10/08/2022	73,6	117,9	43,0	103,4	7,0	50,2	58,9	63,7	66,8	70,4	73,1
Jue 11/08/2022	73,2	118,0	46,0	101,6	6,6	52,1	59,1	63,8	66,9	70,9	73,7
Vie 12/08/2022	76,8	121,4	40,8	108,9	7,5	50,7	59,4	65,0	68,5	72,3	75,0
Sáb 13/08/2022	75,1	119,6	43,2	105,0	6,8	52,8	59,3	64,0	67,7	72,1	75,5
Dom 14/08/2022	72,3	117,4	38,5	102,5	7,3	49,7	58,5	63,4	66,4	70,4	73,2
Lun 15/08/2022	72,9	118,0	38,5	100,2	7,2	50,5	58,4	63,1	66,8	71,2	74,2
Mar 16/08/2022	70,3	114,4	47,6	98,8	5,7	53,7	60,0	64,6	67,5	70,4	72,3
Mié 17/08/2022	72,2	115,3	43,6	99,6	6,3	52,1	59,9	64,9	67,7	70,5	72,5
Jue 18/08/2022	71,6	114,4	45,5	98,8	5,9	52,7	59,4	64,2	66,6	69,4	71,9
Vie 19/08/2022	69,3	113,5	45,4	97,9	5,7	52,0	59,0	63,5	66,0	68,4	71,2
Sáb 20/08/2022	71,7	114,6	45,1	96,3	5,9	53,0	59,9	64,3	67,0	69,8	72,1
Dom 21/08/2022	71,1	113,4	40,8	98,2	6,3	50,2	56,9	61,7	64,7	68,5	71,8
Lun 22/08/2022	67,0	112,3	37,9	96,0	7,3	46,0	56,8	61,4	64,2	67,5	70,4
Mar 23/08/2022	72,3	116,5	41,6	104,7	6,1	49,6	58,3	62,2	64,6	66,8	68,7
Mié 24/08/2022	69,9	111,2	43,3	95,8	5,3	51,4	58,5	61,9	63,9	66,4	68,6
Jue 25/08/2022	72,3	114,5	42,2	101,1	6,5	50,2	58,6	63,0	65,7	68,8	71,6
Vie 26/08/2022	68,3	113,6	39,5	96,6	6,7	50,4	59,5	64,3	67,1	70,1	72,2
Sáb 27/08/2022	67,7	113,1	46,3	95,3	5,6	53,4	59,0	64,1	66,8	69,3	71,5
Dom 28/08/2022	69,6	113,6	42,7	100,2	6,1	50,2	56,7	61,6	64,6	67,9	70,8
Lun 29/08/2022	68,8	114,3	40,2	96,2	7,0	49,0	58,3	63,2	66,1	69,3	71,8
Mar 30/08/2022	72,9	115,0	40,6	97,7	6,9	49,9	58,7	63,8	66,4	69,3	71,8
Mié 31/08/2022	68,2	112,7	42,9	96,0	6,4	50,1	58,2	63,0	65,9	68,5	71,1
Jue 01/09/2022	75,2	122,2	40,7	103,2	8,2	47,9	56,8	62,7	66,6	71,7	76,3
