Archivo	EMRI_27.CMG
Localización	EMRI_27
Tipo de datos	Leq
Ponderación	A
Unidad	dB
Inicio	31/07/2022 0:00:00:000
Fin	02/09/2022 0:00:00:000
Período	Dia0627_Ld (Ld)
Fragmentos de tiempo	Ld	07:01	21:00	K = 0 dBA	   	   	   	   	   	   	   
	Ld	SEL	Lmin	Lmax	StdDev	L90	L50	L20	L10	L5	L3
Día	dB	dB	dB	dB	dB	dB	dB	dB	dB	dB	dB
Dom 31/07/2022	65,4	103,9	51,0	90,5	4,3	55,1	58,4	61,4	63,5	66,7	69,8
Lun 01/08/2022	67,3	114,3	44,7	91,6	6,1	51,9	56,6	61,0	65,7	71,1	73,8
Mar 02/08/2022	70,2	117,2	29,8	105,9	6,7	51,0	56,6	60,4	63,8	69,5	73,6
Mié 03/08/2022	67,8	114,8	48,1	91,1	6,2	52,7	56,7	61,6	66,6	71,6	74,4
Jue 04/08/2022	67,3	114,3	48,0	92,8	5,3	53,8	57,6	61,1	64,2	69,0	73,0
Vie 05/08/2022	67,2	114,2	48,9	90,8	5,7	52,9	57,2	61,4	65,2	70,9	73,6
Sáb 06/08/2022	69,3	116,2	29,3	98,2	8,8	41,5	56,6	60,7	64,4	69,0	73,4
Dom 07/08/2022	67,5	114,5	44,8	93,4	5,9	52,9	57,3	61,3	65,7	71,0	74,2
Lun 08/08/2022	67,9	114,9	49,4	94,7	5,6	54,2	58,0	62,1	66,3	71,2	74,3
Mar 09/08/2022	67,8	114,8	48,0	94,8	5,5	53,5	57,7	61,2	64,4	70,5	74,2
Mié 10/08/2022	67,7	114,4	34,0	91,9	6,4	52,3	56,6	61,2	64,9	69,5	74,0
Jue 11/08/2022	67,5	114,6	48,1	91,9	5,6	52,4	55,8	59,4	62,8	67,9	73,0
Vie 12/08/2022	69,5	116,5	46,6	105,4	5,7	52,7	56,5	60,4	64,1	69,5	73,6
Sáb 13/08/2022	72,0	119,0	30,1	109,8	9,4	39,8	54,7	59,2	64,0	70,4	74,4
Dom 14/08/2022	68,4	115,4	28,3	98,9	9,5	39,1	57,4	61,0	63,4	66,7	70,5
Lun 15/08/2022	66,9	113,9	30,8	91,9	6,1	51,7	56,1	60,3	63,6	68,2	72,3
Mar 16/08/2022	66,7	113,7	48,0	101,5	5,5	51,9	55,8	59,6	63,0	67,9	72,1
Mié 17/08/2022	67,9	114,9	36,3	95,4	6,3	53,2	57,4	62,3	66,2	71,2	74,3
Jue 18/08/2022	66,7	113,8	45,9	92,0	6,0	51,8	56,4	61,0	65,0	70,0	73,2
Vie 19/08/2022	67,4	114,5	47,8	91,5	6,0	52,5	57,4	61,6	65,4	71,1	73,8
Sáb 20/08/2022	68,4	115,4	28,4	92,3	7,0	52,2	57,6	62,0	66,4	72,8	76,6
Dom 21/08/2022	67,3	114,3	46,7	93,5	5,8	52,6	56,5	60,6	64,4	70,0	74,5
Lun 22/08/2022	67,0	113,9	47,0	92,3	5,6	52,3	56,0	59,9	63,2	67,7	72,3
Mar 23/08/2022	65,1	112,1	47,1	92,3	5,1	52,4	55,9	59,8	63,0	67,0	70,1
Mié 24/08/2022	67,7	114,7	47,5	92,1	6,1	52,5	56,2	60,6	65,5	71,1	74,6
Jue 25/08/2022	67,4	114,5	46,9	93,4	5,8	52,3	56,2	60,1	63,9	69,7	73,5
Vie 26/08/2022	67,7	114,7	47,8	91,0	6,1	53,5	58,4	63,2	68,3	72,7	75,4
Sáb 27/08/2022	67,6	114,6	48,3	92,1	5,7	53,0	56,7	60,7	64,5	70,3	74,9
Dom 28/08/2022	66,8	113,9	46,7	90,9	5,9	51,8	55,5	59,6	64,2	69,4	72,9
Lun 29/08/2022	67,4	114,4	47,9	93,4	5,8	51,9	56,0	60,1	63,8	69,0	73,5
Mar 30/08/2022	66,7	113,7	46,9	91,2	6,1	51,7	55,6	60,1	64,8	71,0	73,8
Mié 31/08/2022	67,1	114,1	46,0	92,6	6,3	51,4	55,7	60,8	65,4	70,7	73,8
Jue 01/09/2022											
Período	Noche0627_Ln (Ln)
Fragmentos de tiempo	Ln	21:01	07:00	K = 0 dBA	   	   	   	   	   	   	   
	Ln	SEL	Lmin	Lmax	StdDev	L90	L50	L20	L10	L5	L3
Día	dB	dB	dB	dB	dB	dB	dB	dB	dB	dB	dB
Dom 31/07/2022	64,4	104,7	48,8	91,9	4,1	53,3	56,8	59,5	61,5	63,8	66,3
Lun 01/08/2022	67,0	110,7	37,3	94,9	6,8	48,6	55,5	60,8	64,2	67,4	70,2
Mar 02/08/2022	66,2	110,9	30,4	94,0	8,1	44,9	55,8	60,0	62,8	66,3	70,5
Mié 03/08/2022	68,7	112,4	46,7	96,7	5,7	51,1	56,5	60,5	63,3	67,8	71,6
Jue 04/08/2022	67,4	111,0	45,1	96,4	5,6	49,8	55,9	59,5	61,9	65,6	69,6
Vie 05/08/2022	67,2	110,3	44,5	94,7	5,8	49,1	53,7	59,2	62,4	66,0	68,5
Sáb 06/08/2022	70,6	114,1	49,3	105,1	5,9	52,2	56,5	61,6	64,7	67,7	72,9
Dom 07/08/2022	65,9	110,5	45,2	90,8	5,7	50,5	56,5	60,5	63,1	66,6	71,0
Lun 08/08/2022	65,9	110,1	44,0	91,1	5,6	50,3	55,4	59,5	62,4	66,4	69,8
Mar 09/08/2022	68,4	112,6	41,9	97,2	6,8	47,6	54,9	59,8	63,2	67,6	71,2
Mié 10/08/2022	62,9	107,1	41,9	89,0	6,0	46,5	52,9	57,6	61,2	64,9	67,4
Jue 11/08/2022	64,0	108,9	42,2	91,1	6,1	47,9	54,3	58,8	61,8	65,4	68,6
Vie 12/08/2022	66,0	110,0	42,3	92,6	6,3	47,1	54,2	58,8	61,4	64,9	68,9
Sáb 13/08/2022	66,9	110,8	42,1	97,3	5,7	48,0	53,5	57,3	59,9	63,4	66,9
Dom 14/08/2022	63,8	107,9	41,9	89,7	6,4	46,7	54,3	59,4	61,3	64,0	67,7
Lun 15/08/2022	66,6	110,6	43,4	94,2	5,7	49,6	55,8	59,3	61,8	65,1	69,1
Mar 16/08/2022	64,3	107,6	46,9	90,3	4,9	50,7	55,4	60,0	62,3	64,4	66,1
Mié 17/08/2022	64,1	107,4	45,8	89,8	5,0	50,5	55,7	60,1	62,4	64,9	66,9
Jue 18/08/2022	62,9	107,5	47,4	88,2	5,0	50,7	55,5	60,1	62,7	65,5	68,0
Vie 19/08/2022	62,3	105,9	46,8	89,0	4,6	50,6	54,5	59,0	61,5	63,7	65,3
Sáb 20/08/2022	66,6	110,8	44,3	106,2	6,0	48,2	56,2	60,7	62,4	64,4	66,2
Dom 21/08/2022	62,9	105,7	42,6	87,8	5,5	46,7	53,0	57,6	59,6	62,0	64,0
Lun 22/08/2022	60,6	105,0	39,4	87,8	5,9	43,9	48,9	54,1	57,2	60,5	64,0
Mar 23/08/2022	60,8	104,8	40,5	87,4	5,6	46,3	54,2	58,4	60,6	62,7	64,8
Mié 24/08/2022	61,9	103,5	42,7	88,3	4,6	47,4	52,5	56,3	58,6	60,9	62,7
Jue 25/08/2022	63,8	107,1	42,1	89,4	6,1	46,1	52,7	57,9	60,5	64,1	66,7
Vie 26/08/2022	63,9	107,0	42,8	90,1	5,5	47,9	55,3	59,1	61,4	63,8	65,6
Sáb 27/08/2022	63,2	106,7	45,2	88,3	5,1	49,4	54,1	58,6	61,3	63,9	65,9
Dom 28/08/2022	63,1	106,0	43,5	89,8	4,8	47,7	51,3	55,2	58,0	60,6	63,2
Lun 29/08/2022	62,1	104,7	41,0	89,7	5,8	45,9	52,0	57,3	59,9	63,6	65,7
Mar 30/08/2022	64,4	107,1	41,5	89,9	6,5	45,6	53,5	58,8	62,0	65,5	67,7
Mié 31/08/2022	62,6	106,2	43,4	91,2	5,6	47,7	51,4	58,0	60,7	63,7	66,4
Jue 01/09/2022	66,4	111,2	41,3	97,1	7,0	45,5	50,3	56,1	61,6	66,5	69,0
