Archivo	EMRI_1.CMG
Localización	EMRI_1
Tipo de datos	Leq
Ponderación	A
Unidad	dB
Inicio	31/07/2022 0:00:00:000
Fin	02/09/2022 0:00:00:000
Período	Dia0627_Ld (Ld)
Fragmentos de tiempo	Ld	07:01	21:00	K = 0 dBA	   	   	   	   	   	   	   
	Ld	SEL	Lmin	Lmax	StdDev	L90	L50	L20	L10	L5	L3
Día	dB	dB	dB	dB	dB	dB	dB	dB	dB	dB	dB
Dom 31/07/2022	67,1	105,6	48,6	91,7	5,0	53,5	58,4	60,6	62,8	67,3	72,5
Lun 01/08/2022	70,5	117,5	46,1	111,5	5,5	53,9	59,4	62,6	64,7	68,7	73,9
Mar 02/08/2022	72,8	119,8	49,2	112,0	5,3	55,1	59,6	62,9	65,3	69,8	74,8
Mié 03/08/2022	71,1	118,1	49,1	111,0	5,1	55,5	59,4	62,7	65,5	69,9	74,2
Jue 04/08/2022	72,1	119,1	47,3	112,4	5,0	56,2	60,3	63,3	65,8	70,2	74,9
Vie 05/08/2022	70,6	117,6	47,3	106,7	5,6	53,7	58,7	62,5	64,9	69,2	74,3
Sáb 06/08/2022	68,9	115,9	49,3	99,1	5,1	54,8	58,7	61,7	64,3	68,8	73,7
Dom 07/08/2022	70,7	117,7	44,6	107,9	5,4	53,7	58,6	61,6	64,1	68,7	73,9
Lun 08/08/2022	70,1	117,1	50,7	108,8	4,8	56,8	61,0	64,1	66,7	70,6	74,5
Mar 09/08/2022	69,4	116,4	50,8	97,8	4,9	56,5	60,5	63,8	66,1	70,2	74,6
Mié 10/08/2022	69,5	116,5	50,1	100,2	5,2	55,8	59,7	63,0	66,4	71,1	75,5
Jue 11/08/2022	71,4	118,5	50,1	109,1	5,0	56,0	59,8	62,5	65,1	69,9	74,5
Vie 12/08/2022	70,0	117,0	46,4	103,8	5,7	52,6	57,3	60,6	63,4	68,5	73,9
Sáb 13/08/2022	68,7	115,7	30,1	101,0	7,6	44,2	53,3	58,3	61,4	65,8	70,5
Dom 14/08/2022	68,6	113,4	29,2	98,7	7,5	49,6	55,5	59,2	62,2	67,8	73,5
Lun 15/08/2022	67,2	102,9	48,6	88,1	5,1	53,4	57,7	60,0	62,4	67,1	72,7
Mar 16/08/2022	70,8	117,9	45,3	103,4	5,9	51,7	56,7	60,4	63,0	67,8	73,3
Mié 17/08/2022	69,3	116,3	50,9	102,4	4,8	57,1	61,3	64,3	66,8	70,7	74,8
Jue 18/08/2022	71,2	118,2	47,0	109,7	5,5	53,2	57,6	61,2	63,6	68,0	73,2
Vie 19/08/2022	69,6	116,7	45,7	99,2	5,4	55,0	59,4	62,9	65,8	70,5	75,1
Sáb 20/08/2022	70,7	117,7	34,2	108,8	6,5	51,3	57,4	61,1	64,1	68,3	73,2
Dom 21/08/2022	68,7	115,7	46,7	101,0	5,5	52,7	56,8	60,1	63,0	68,1	73,4
Lun 22/08/2022	71,0	118,0	48,7	109,4	5,1	55,5	59,5	62,4	64,9	69,5	74,6
Mar 23/08/2022	70,4	117,4	47,8	102,8	5,5	53,9	58,1	61,3	64,2	69,4	74,6
Mié 24/08/2022	70,6	117,7	49,5	104,6	5,2	55,2	59,4	62,6	65,1	69,7	74,9
Jue 25/08/2022	71,3	118,3	47,4	108,8	5,7	53,4	58,2	61,8	64,4	68,9	74,3
Vie 26/08/2022	69,3	116,3	31,3	107,2	7,3	46,8	56,1	60,2	62,8	67,1	71,6
Sáb 27/08/2022	71,0	118,1	45,3	106,3	5,9	52,3	56,8	60,5	63,5	68,9	74,4
Dom 28/08/2022	72,2	119,2	44,9	112,1	5,6	52,3	56,6	59,9	62,6	67,9	73,3
Lun 29/08/2022	69,7	116,7	47,0	101,2	5,4	53,8	58,3	61,3	64,0	68,6	73,8
Mar 30/08/2022	70,1	117,1	47,3	103,5	5,6	53,4	58,1	62,2	64,9	68,3	73,3
Mié 31/08/2022	70,2	117,2	47,4	106,4	5,5	53,4	57,8	61,5	64,3	68,1	72,7
Jue 01/09/2022											
Período	Noche0627_Ln (Ln)
Fragmentos de tiempo	Ln	21:01	07:00	K = 0 dBA	   	   	   	   	   	   	   
	Ln	SEL	Lmin	Lmax	StdDev	L90	L50	L20	L10	L5	L3
Día	dB	dB	dB	dB	dB	dB	dB	dB	dB	dB	dB
Dom 31/07/2022	70,1	110,4	48,2	98,9	6,3	52,0	56,8	60,1	63,7	71,5	77,2
Lun 01/08/2022	76,1	117,0	44,8	112,1	5,8	49,6	55,1	59,7	62,1	64,4	67,5
Mar 02/08/2022	73,5	115,1	46,7	102,7	5,7	50,6	56,1	60,8	62,8	65,3	68,6
Mié 03/08/2022	71,8	113,9	46,0	97,6	5,8	50,3	55,7	60,3	62,8	65,4	68,9
Jue 04/08/2022	71,9	114,1	46,3	98,1	5,7	50,4	55,7	60,3	62,3	64,8	68,5
Vie 05/08/2022	72,6	114,9	45,5	99,4	6,0	50,1	55,5	60,2	62,7	65,8	70,0
Sáb 06/08/2022	70,4	112,1	46,7	98,2	4,8	52,1	56,1	58,9	60,8	64,4	68,6
Dom 07/08/2022	75,3	116,5	45,0	110,4	5,7	49,3	54,3	58,6	60,6	63,6	67,9
Lun 08/08/2022	71,1	113,4	45,4	101,0	5,6	49,7	55,4	60,3	62,4	64,4	66,8
Mar 09/08/2022	71,8	113,3	45,6	97,7	6,0	49,3	55,1	60,6	63,0	65,2	68,0
Mié 10/08/2022	71,3	113,5	45,6	97,7	5,8	49,2	54,7	59,4	61,3	64,2	68,1
Jue 11/08/2022	72,1	113,8	46,2	101,8	5,8	49,8	55,5	60,4	62,4	65,2	68,9
Vie 12/08/2022	75,4	116,4	45,2	110,5	5,8	50,0	55,7	60,3	62,4	64,9	68,6
Sáb 13/08/2022	60,8	104,2	31,0	92,3	6,3	40,6	48,2	53,2	55,8	58,1	60,3
Dom 14/08/2022	50,4	94,4	28,3	83,3	4,9	32,9	37,3	41,0	43,1	45,8	48,3
Lun 15/08/2022	74,9	115,2	47,1	111,4	6,4	50,9	56,2	59,5	62,2	68,9	75,3
Mar 16/08/2022	71,2	113,9	43,4	108,0	5,7	48,9	53,7	59,3	62,0	64,3	66,6
Mié 17/08/2022	74,2	114,6	36,6	110,1	7,7	41,5	46,7	56,7	59,8	61,9	64,5
Jue 18/08/2022	76,0	117,0	45,5	112,4	5,5	50,7	55,8	60,5	62,5	65,0	68,1
Vie 19/08/2022	72,5	114,3	45,1	97,6	5,7	50,6	55,9	60,3	62,6	65,7	69,4
Sáb 20/08/2022	72,9	114,2	43,0	104,8	6,2	46,4	51,6	56,9	59,5	62,7	66,8
Dom 21/08/2022	71,9	113,2	44,3	99,1	5,4	49,6	54,0	57,7	60,0	63,2	67,4
Lun 22/08/2022	74,3	115,3	39,5	107,9	6,3	46,6	53,1	58,2	60,5	63,4	67,0
Mar 23/08/2022	74,2	116,4	44,5	105,4	6,4	49,3	55,2	60,9	63,1	66,3	70,5
Mié 24/08/2022	72,5	114,7	45,4	104,3	6,3	49,2	55,1	60,4	62,8	66,0	71,0
Jue 25/08/2022	75,3	116,2	44,1	111,6	5,9	49,0	54,5	59,5	62,1	64,9	67,7
Vie 26/08/2022	72,2	114,2	43,4	101,4	5,9	49,9	55,9	60,6	62,6	65,4	69,0
Sáb 27/08/2022	73,0	114,6	46,6	107,8	5,2	51,5	56,1	59,9	62,2	65,1	68,7
Dom 28/08/2022	70,2	111,9	41,5	97,7	5,8	48,3	53,9	58,2	60,6	63,8	67,6
Lun 29/08/2022	69,2	112,3	43,9	99,5	6,0	48,5	53,9	59,1	61,4	64,6	68,7
Mar 30/08/2022	73,7	115,2	43,0	104,9	6,4	49,0	54,9	60,7	63,6	65,9	69,0
Mié 31/08/2022	75,5	116,8	45,0	111,3	6,2	49,8	54,9	60,3	63,7	66,8	69,4
Jue 01/09/2022	54,1	99,0	45,1	77,0	3,3	48,1	51,7	54,7	56,4	57,8	58,8
