Archivo	EMRI_24.CMG
Localización	EMRI_24
Tipo de datos	Leq
Ponderación	A
Unidad	dB
Inicio	31/07/2022 0:00:00:000
Fin	01/09/2022 0:00:00:000
Período	Dia0627_Ld (Ld)
Fragmentos de tiempo	Ld	07:01	21:00	K = 0 dBA	   	   	   	   	   	   	   
	Ld	SEL	Lmin	Lmax	StdDev	L90	L50	L20	L10	L5	L3
Día	dB	dB	dB	dB	dB	dB	dB	dB	dB	dB	dB
Dom 31/07/2022	54,8	93,4	48,8	78,5	2,7	50,1	51,8	53,7	55,6	57,7	59,2
Lun 01/08/2022	57,8	104,8	47,8	86,1	3,5	51,4	54,0	56,9	59,2	62,0	64,0
Mar 02/08/2022	57,8	104,8	47,8	89,4	3,5	51,3	54,0	56,9	59,1	61,6	63,4
Mié 03/08/2022	57,1	104,2	47,1	86,5	3,2	51,4	53,9	56,6	58,7	60,7	62,2
Jue 04/08/2022	57,8	104,8	47,7	86,3	3,5	51,2	53,9	57,0	59,5	61,7	63,2
Vie 05/08/2022	58,2	105,2	44,4	88,3	3,7	50,8	53,8	57,0	59,0	61,4	63,4
Sáb 06/08/2022	59,1	106,1	47,8	85,7	4,0	51,4	54,4	57,4	60,1	63,7	66,2
Dom 07/08/2022	56,3	103,3	47,2	87,2	3,0	50,7	53,2	55,5	57,2	59,0	60,6
Lun 08/08/2022	57,1	104,1	45,8	95,6	3,2	50,9	53,4	56,0	58,0	60,2	62,0
Mar 09/08/2022	57,1	104,1	47,8	88,7	3,2	51,0	53,5	56,1	58,1	60,2	61,9
Mié 10/08/2022	57,9	104,9	47,8	85,0	3,3	51,5	54,2	57,0	59,0	61,2	62,9
Jue 11/08/2022	56,6	103,6	48,4	81,3	3,1	51,2	53,7	56,2	58,0	60,1	61,8
Vie 12/08/2022	57,7	104,7	47,1	87,3	3,6	51,0	54,0	57,0	59,3	61,9	63,9
Sáb 13/08/2022	58,2	105,2	46,5	90,8	3,7	50,6	54,6	57,5	59,5	61,4	62,9
Dom 14/08/2022	55,4	102,4	45,2	87,3	3,3	49,1	51,8	54,6	56,4	58,5	60,1
Lun 15/08/2022	59,7	106,8	45,8	85,5	4,3	49,7	53,0	56,0	58,3	61,4	64,2
Mar 16/08/2022	58,2	105,2	47,3	82,7	3,7	51,2	54,5	57,4	59,8	62,4	64,2
Mié 17/08/2022	56,9	103,9	48,0	82,9	3,3	51,1	53,5	56,2	58,3	60,5	62,4
Jue 18/08/2022	58,0	105,0	47,9	88,6	3,4	51,2	53,7	56,4	58,7	61,3	63,2
Vie 19/08/2022	57,0	104,0	48,5	83,9	3,2	51,5	53,9	56,6	58,8	60,9	62,7
Sáb 20/08/2022	57,3	104,3	48,0	84,6	2,9	51,9	54,4	56,6	58,4	60,2	61,8
Dom 21/08/2022	55,9	102,9	46,3	84,3	3,3	49,4	52,8	55,3	57,0	58,8	60,4
Lun 22/08/2022	57,3	104,3	47,1	84,7	3,3	51,4	54,0	56,9	59,1	61,2	62,7
Mar 23/08/2022	59,5	106,5	48,3	85,3	4,2	51,0	54,1	57,4	60,3	63,4	65,6
Mié 24/08/2022	56,8	103,8	48,1	85,0	3,0	51,5	53,9	56,3	58,1	60,2	61,5
Jue 25/08/2022	57,6	104,6	47,6	87,4	3,5	50,9	53,6	56,7	59,1	61,4	63,0
Vie 26/08/2022	59,3	106,3	46,7	88,6	4,3	50,7	54,6	58,2	61,0	64,6	66,3
Sáb 27/08/2022	57,3	104,3	48,4	84,9	3,0	51,6	54,2	56,5	58,2	60,3	62,1
Dom 28/08/2022	59,2	106,2	46,7	87,5	4,1	50,1	53,1	56,0	58,2	61,6	64,8
Lun 29/08/2022	57,6	104,6	48,2	88,8	3,4	51,3	54,0	56,8	59,0	61,0	62,8
Mar 30/08/2022	57,7	104,7	47,8	85,9	3,5	51,0	54,0	56,9	59,2	61,1	62,9
Mié 31/08/2022	58,6	103,4	47,8	84,2	3,6	51,4	55,0	57,8	59,8	62,1	64,2
Período	Noche0627_Ln (Ln)
Fragmentos de tiempo	Ln	21:01	07:00	K = 0 dBA	   	   	   	   	   	   	   
	Ln	SEL	Lmin	Lmax	StdDev	L90	L50	L20	L10	L5	L3
Día	dB	dB	dB	dB	dB	dB	dB	dB	dB	dB	dB
Dom 31/07/2022	51,3	91,6	45,4	80,5	2,4	47,2	49,2	51,1	52,3	54,1	55,6
Lun 01/08/2022	54,0	99,2	43,1	78,5	3,6	47,4	49,3	52,4	55,0	57,9	60,3
Mar 02/08/2022	55,7	100,0	45,3	80,9	3,8	46,6	49,9	52,7	55,1	57,9	60,2
Mié 03/08/2022	54,0	99,4	45,1	84,1	3,7	47,0	49,8	52,9	55,5	58,1	60,1
Jue 04/08/2022	54,8	100,0	45,1	84,5	3,8	46,9	49,6	52,8	55,6	58,4	60,4
Vie 05/08/2022	53,9	99,3	45,8	76,9	3,6	47,2	50,1	53,1	55,3	58,0	60,0
Sáb 06/08/2022	57,4	102,2	46,9	81,0	4,3	49,5	52,0	56,5	60,9	63,0	63,7
Dom 07/08/2022	54,1	99,2	45,3	80,8	3,1	47,9	50,4	52,5	54,1	56,7	59,1
Lun 08/08/2022	54,4	99,7	45,0	85,0	3,8	46,6	49,6	52,9	55,4	57,8	59,9
Mar 09/08/2022	55,6	100,3	45,0	85,5	3,8	46,6	49,8	52,7	55,2	58,1	60,4
Mié 10/08/2022	55,0	100,3	45,3	85,8	3,9	46,8	49,6	52,8	55,4	58,3	60,5
Jue 11/08/2022	55,7	100,7	44,6	85,7	3,9	46,9	49,8	52,9	55,8	58,7	61,0
Vie 12/08/2022	54,3	99,7	44,5	79,7	4,0	46,3	50,1	53,2	55,6	58,5	60,5
Sáb 13/08/2022	53,7	99,1	44,8	77,6	3,3	47,8	50,0	52,3	54,5	57,3	59,9
Dom 14/08/2022	56,3	99,4	45,1	87,8	3,3	46,9	49,2	51,8	53,9	56,3	58,1
Lun 15/08/2022	53,0	98,1	45,1	80,2	3,3	46,9	48,6	50,7	52,9	56,2	58,8
Mar 16/08/2022	55,4	100,2	45,8	84,2	3,6	47,3	49,4	52,7	55,1	57,3	59,0
Mié 17/08/2022	54,6	99,6	45,4	84,9	3,3	47,5	49,7	52,7	54,9	57,0	58,6
Jue 18/08/2022	53,4	98,9	45,2	81,8	3,4	46,9	49,9	52,8	54,9	57,0	58,5
Vie 19/08/2022	53,9	99,3	44,8	81,2	3,5	47,0	50,8	53,3	55,4	57,7	59,3
Sáb 20/08/2022	53,7	99,0	46,2	85,0	3,1	48,0	51,1	53,6	55,7	58,1	59,4
Dom 21/08/2022	52,5	97,0	45,0	85,2	2,6	46,8	48,7	50,5	52,2	54,2	55,6
Lun 22/08/2022	53,8	99,1	44,0	80,1	3,7	45,9	49,2	52,2	54,5	56,7	58,4
Mar 23/08/2022	53,1	98,4	44,6	79,0	3,4	46,8	49,4	52,5	54,6	56,9	58,3
Mié 24/08/2022	53,3	98,4	44,6	80,4	3,6	46,0	48,9	52,4	54,4	56,4	58,0
Jue 25/08/2022	53,7	98,7	44,5	78,2	3,5	46,4	49,1	52,2	54,2	56,5	58,0
Vie 26/08/2022	56,5	100,0	41,8	87,2	3,7	46,2	49,4	52,1	54,5	57,0	58,8
Sáb 27/08/2022	59,8	102,0	45,5	82,5	4,7	47,4	51,3	57,2	59,7	61,1	62,0
Dom 28/08/2022	52,6	97,6	44,6	75,2	3,5	46,4	48,7	51,2	53,9	58,3	59,9
Lun 29/08/2022	54,5	99,2	44,7	82,7	3,7	46,1	48,9	52,1	54,5	56,9	58,6
Mar 30/08/2022	54,1	98,8	44,6	78,6	3,6	46,0	49,1	52,3	54,5	56,7	58,3
Mié 31/08/2022	52,5	99,6	44,2	75,8	3,8	45,9	48,3	52,2	54,7	57,2	58,9
