Archivo	EMRI_13.CMG
Localización	EMRI_13
Tipo de datos	Leq
Ponderación	A
Unidad	dB
Inicio	31/07/2022 0:00:00:000
Fin	02/09/2022 0:00:00:000
Período	Dia0627_Ld (Ld)
Fragmentos de tiempo	Ld	07:01	21:00	K = 0 dBA	   	   	   	   	   	   	   
	Ld	SEL	Lmin	Lmax	StdDev	L90	L50	L20	L10	L5	L3
Día	dB	dB	dB	dB	dB	dB	dB	dB	dB	dB	dB
Dom 31/07/2022	72,7	111,3	50,5	95,0	6,3	54,9	58,1	62,3	67,1	73,0	78,5
Lun 01/08/2022	73,7	120,7	50,0	102,9	6,2	56,4	60,1	64,5	68,8	74,4	79,4
Mar 02/08/2022	74,2	121,3	51,1	100,7	6,3	56,6	60,4	64,7	69,4	75,2	80,4
Mié 03/08/2022	73,5	120,5	49,7	100,3	6,0	57,1	60,7	65,3	69,6	74,4	78,8
Jue 04/08/2022	73,1	120,2	50,2	105,4	5,9	56,3	59,9	63,8	68,1	73,5	77,9
Vie 05/08/2022	73,2	120,2	50,8	101,0	6,1	56,5	60,5	65,0	69,3	74,6	79,1
Sáb 06/08/2022	73,5	120,5	51,4	100,9	6,0	56,9	60,3	64,7	69,1	74,0	78,5
Dom 07/08/2022	73,9	120,9	50,1	107,1	6,1	55,4	58,8	63,0	67,4	73,0	77,5
Lun 08/08/2022	71,3	118,3	50,5	100,4	5,6	56,4	59,8	63,8	67,9	72,6	76,3
Mar 09/08/2022	71,9	118,8	49,6	99,4	5,8	56,2	60,1	64,4	68,3	73,2	77,0
Mié 10/08/2022	74,4	121,4	51,9	111,2	5,5	58,0	61,7	65,7	69,4	73,6	77,2
Jue 11/08/2022	73,3	120,3	50,1	108,6	5,7	57,1	60,9	65,1	69,0	73,6	77,2
Vie 12/08/2022	74,7	121,8	51,5	101,5	6,4	57,5	61,7	66,1	70,8	76,2	81,5
Sáb 13/08/2022	75,9	122,9	50,5	106,8	6,5	57,7	61,6	66,1	71,1	77,2	83,1
Dom 14/08/2022	73,3	120,3	50,5	98,9	6,2	55,7	59,4	63,7	68,1	73,6	78,4
Lun 15/08/2022	72,7	119,7	49,4	101,7	5,8	56,6	60,3	64,4	68,6	73,7	77,2
Mar 16/08/2022	75,5	122,5	49,1	106,9	6,5	56,7	60,7	65,0	69,6	75,6	81,2
Mié 17/08/2022	71,4	118,4	51,2	98,8	5,7	56,3	59,8	64,0	68,1	72,8	76,6
Jue 18/08/2022	73,2	120,2	48,8	99,1	6,2	56,0	60,0	64,6	69,0	74,3	78,9
Vie 19/08/2022	73,0	120,0	51,1	100,1	6,1	56,6	60,3	64,9	69,4	74,6	79,2
Sáb 20/08/2022	75,6	122,6	51,8	109,6	5,9	57,4	61,1	65,2	69,3	74,3	78,7
Dom 21/08/2022	73,5	120,5	49,3	100,3	6,1	56,4	60,2	64,6	68,7	73,8	78,5
Lun 22/08/2022	73,2	120,2	51,9	101,3	5,7	57,6	60,9	64,9	69,2	74,0	78,0
Mar 23/08/2022	75,6	122,7	49,4	108,7	6,3	57,1	61,1	65,6	70,2	75,5	80,8
Mié 24/08/2022	73,1	120,0	51,2	101,8	5,7	57,3	60,9	65,1	69,3	73,8	77,2
Jue 25/08/2022	75,6	122,7	50,4	107,6	6,6	56,3	60,4	64,9	69,7	75,8	81,5
Vie 26/08/2022	73,8	120,8	50,9	99,1	6,1	57,5	61,4	65,8	70,3	75,0	79,9
Sáb 27/08/2022	76,7	123,8	50,6	108,6	6,3	57,5	61,4	65,8	70,4	75,5	80,8
Dom 28/08/2022	74,9	121,9	49,0	108,3	6,1	56,4	60,0	64,3	68,4	73,9	78,3
Lun 29/08/2022	73,7	120,8	48,7	98,4	6,3	56,9	61,1	65,4	70,2	75,3	80,1
Mar 30/08/2022	74,4	121,4	51,8	106,5	6,0	57,0	60,7	65,0	69,5	74,5	78,7
Mié 31/08/2022	74,8	121,8	47,9	109,4	6,1	56,9	61,2	65,5	69,7	74,6	79,5
Jue 01/09/2022											
Período	Noche0627_Ln (Ln)
Fragmentos de tiempo	Ln	21:01	07:00	K = 0 dBA	   	   	   	   	   	   	   
	Ln	SEL	Lmin	Lmax	StdDev	L90	L50	L20	L10	L5	L3
Día	dB	dB	dB	dB	dB	dB	dB	dB	dB	dB	dB
Dom 31/07/2022	73,7	114,0	49,8	97,1	7,3	53,7	58,4	63,7	69,8	76,5	82,5
Lun 01/08/2022	75,2	117,5	40,7	104,7	7,1	48,3	56,1	60,8	64,2	68,5	72,6
Mar 02/08/2022	73,8	115,5	38,9	98,8	7,1	47,4	55,8	60,3	63,4	67,9	71,9
Mié 03/08/2022	74,8	116,8	41,2	97,7	7,5	48,7	56,7	62,3	65,9	70,4	74,1
Jue 04/08/2022	72,4	114,9	39,2	96,9	7,3	47,4	56,6	61,5	64,4	68,3	72,3
Vie 05/08/2022	75,7	117,2	40,4	98,0	7,6	48,8	58,4	63,1	66,4	71,3	75,1
Sáb 06/08/2022	73,5	116,5	43,9	96,7	6,3	51,4	57,6	61,6	64,6	68,9	72,8
Dom 07/08/2022	74,3	116,3	40,5	99,7	6,7	48,7	54,3	58,7	62,2	67,3	72,0
Lun 08/08/2022	73,4	115,4	40,1	97,3	7,6	46,7	55,8	61,2	64,5	68,4	72,3
Mar 09/08/2022	74,5	116,6	41,8	99,9	6,6	51,0	57,6	62,1	65,2	69,4	73,3
Mié 10/08/2022	74,5	116,0	44,4	99,0	6,4	51,0	57,9	62,4	65,6	69,9	72,6
Jue 11/08/2022	72,9	115,7	44,3	96,9	6,4	52,0	57,8	62,8	65,9	70,2	73,6
Vie 12/08/2022	74,7	116,8	41,9	99,7	6,6	51,0	57,4	61,6	65,0	69,9	73,9
Sáb 13/08/2022	75,6	117,3	45,0	98,5	6,1	52,9	58,2	62,0	65,2	69,5	73,4
Dom 14/08/2022	78,6	121,7	42,7	109,5	6,5	51,2	56,5	60,6	64,2	68,2	72,8
Lun 15/08/2022	73,4	115,5	41,0	99,9	6,4	49,4	55,5	59,8	62,8	67,0	71,0
Mar 16/08/2022	74,5	118,5	41,4	99,5	7,2	51,3	57,9	62,6	66,5	72,3	77,2
Mié 17/08/2022	75,9	121,1	41,1	105,7	8,2	48,9	58,2	62,9	67,5	73,3	78,6
Jue 18/08/2022	74,7	120,2	41,5	103,6	7,7	50,1	58,1	62,8	66,8	72,4	78,0
Vie 19/08/2022	75,6	120,9	39,8	109,8	7,6	50,1	58,8	62,9	66,9	72,8	78,3
Sáb 20/08/2022	73,7	118,5	45,1	99,7	6,5	53,1	58,5	62,8	66,5	71,4	76,0
Dom 21/08/2022	75,9	121,4	44,7	109,1	7,4	51,2	58,5	63,3	67,3	72,6	78,7
Lun 22/08/2022	73,4	118,8	43,7	99,6	7,1	51,6	59,1	63,4	67,4	71,9	76,5
Mar 23/08/2022	76,0	121,0	40,5	103,7	7,8	51,6	59,1	64,3	69,2	74,5	80,3
Mié 24/08/2022	74,7	120,0	41,5	103,0	7,9	50,1	59,3	64,2	68,2	73,8	79,5
Jue 25/08/2022	74,4	119,9	44,2	103,9	7,1	52,1	58,8	63,4	67,5	73,0	78,3
Vie 26/08/2022	77,4	122,1	40,8	106,9	8,0	49,8	58,5	63,6	68,1	73,5	78,9
Sáb 27/08/2022	77,5	122,1	43,8	109,6	7,3	51,9	59,3	63,8	68,1	73,2	78,4
Dom 28/08/2022	73,5	118,8	42,2	101,9	6,4	52,7	57,9	61,8	65,2	70,6	75,0
Lun 29/08/2022	74,7	119,8	42,2	107,6	7,3	51,2	58,9	63,5	67,2	72,4	76,6
Mar 30/08/2022	74,6	119,0	39,9	101,1	7,5	50,3	58,7	63,3	67,2	72,0	76,9
Mié 31/08/2022	76,3	121,6	40,4	104,8	8,4	48,2	58,5	63,3	67,4	73,1	78,3
Jue 01/09/2022	65,1	111,5	42,5	95,3	5,6	48,7	54,8	59,6	62,2	64,6	66,2
