Archivo	EMRI_4.CMG
Localización	EMRI_4
Tipo de datos	Leq
Ponderación	A
Unidad	dB
Inicio	31/07/2022 0:00:00:000
Fin	02/09/2022 0:00:00:000
Período	Dia0627_Ld (Ld)
Fragmentos de tiempo	Ld	07:01	21:00	K = 0 dBA	   	   	   	   	   	   	   
	Ld	SEL	Lmin	Lmax	StdDev	L90	L50	L20	L10	L5	L3
Día	dB	dB	dB	dB	dB	dB	dB	dB	dB	dB	dB
Dom 31/07/2022	62,1	100,6	40,9	81,9	7,0	44,5	49,3	55,1	59,8	67,1	71,9
Lun 01/08/2022	68,9	115,9	38,5	102,8	7,7	45,4	51,5	58,2	63,7	69,1	72,8
Mar 02/08/2022	69,5	116,5	16,9	103,4	9,0	43,1	48,7	54,8	59,8	66,4	71,4
Mié 03/08/2022	67,7	114,7	38,7	97,7	7,1	45,7	51,4	57,7	62,0	66,8	71,0
Jue 04/08/2022	64,1	111,2	38,7	94,9	6,8	46,2	51,4	57,3	61,7	67,0	71,0
Vie 05/08/2022	62,8	109,8	40,1	90,7	6,7	46,2	51,5	57,9	61,4	66,3	70,5
Sáb 06/08/2022	63,2	110,2	16,7	97,3	9,5	41,3	48,6	54,7	58,9	64,7	69,0
Dom 07/08/2022	63,2	110,3	37,2	91,9	7,3	44,1	49,4	55,9	60,9	66,6	70,9
Lun 08/08/2022	67,3	114,3	39,8	95,2	7,7	46,1	54,0	60,9	65,2	69,3	72,7
Mar 09/08/2022	61,6	108,6	38,4	88,6	6,8	44,8	50,1	55,8	60,1	65,6	70,0
Mié 10/08/2022	64,2	111,2	15,6	95,1	10,1	41,0	50,5	58,5	62,9	66,9	70,5
Jue 11/08/2022	66,3	113,4	37,8	93,8	7,9	43,5	49,2	56,0	60,9	68,1	73,5
Vie 12/08/2022	69,9	117,0	17,3	101,9	14,0	23,3	48,0	56,9	63,8	70,0	74,1
Sáb 13/08/2022	72,5	119,5	14,9	106,5	13,5	25,1	46,7	55,3	61,5	68,3	73,7
Dom 14/08/2022	69,1	116,1	15,1	95,7	11,2	39,4	47,4	55,5	62,5	70,2	75,0
Lun 15/08/2022	70,1	117,1	20,5	99,3	9,4	42,0	50,2	57,6	62,5	68,5	73,9
Mar 16/08/2022	66,0	113,0	36,2	101,5	7,9	45,0	51,2	59,1	64,9	69,5	72,7
Mié 17/08/2022	65,9	112,9	38,2	94,9	7,2	45,2	52,1	57,6	61,5	66,9	71,6
Jue 18/08/2022	72,2	119,2	36,9	98,0	9,2	45,4	52,0	60,3	66,8	73,7	78,2
Vie 19/08/2022	74,6	121,6	39,8	96,6	9,7	46,1	52,3	59,7	66,7	77,3	84,6
Sáb 20/08/2022	67,8	114,8	15,5	94,9	10,6	42,4	50,2	56,6	61,5	66,9	71,6
Dom 21/08/2022	71,5	118,5	40,4	96,1	8,6	44,9	49,5	56,3	62,0	71,0	77,2
Lun 22/08/2022	71,4	118,4	40,3	95,0	8,5	45,1	50,8	56,9	62,3	71,4	76,9
Mar 23/08/2022	71,6	118,6	15,5	112,8	16,2	19,9	49,1	58,1	63,8	69,2	73,4
Mié 24/08/2022	71,9	118,9	41,1	95,4	8,5	46,3	51,1	57,2	63,5	73,6	79,5
Jue 25/08/2022	74,8	121,8	20,0	109,9	9,3	45,8	50,3	57,4	64,8	74,8	81,9
Vie 26/08/2022	70,3	117,3	17,5	96,1	11,7	43,2	51,1	58,4	65,4	72,3	76,8
Sáb 27/08/2022	72,7	119,7	41,0	95,2	9,1	45,2	50,7	57,3	64,0	74,3	81,9
Dom 28/08/2022	72,3	119,3	16,9	107,1	10,2	41,9	48,8	56,1	62,1	70,0	75,5
Lun 29/08/2022	71,5	118,5	16,4	105,8	12,7	27,2	49,0	55,5	61,3	68,9	74,5
Mar 30/08/2022	71,0	118,1	41,3	94,4	8,6	45,9	50,3	56,4	63,7	74,1	79,8
Mié 31/08/2022	74,4	121,4	40,9	96,3	10,5	44,3	50,8	59,9	68,3	79,4	84,9
Jue 01/09/2022											
Período	Noche0627_Ln (Ln)
Fragmentos de tiempo	Ln	21:01	07:00	K = 0 dBA	   	   	   	   	   	   	   
	Ln	SEL	Lmin	Lmax	StdDev	L90	L50	L20	L10	L5	L3
Día	dB	dB	dB	dB	dB	dB	dB	dB	dB	dB	dB
Dom 31/07/2022	61,7	102,0	40,9	83,3	7,1	43,7	47,7	53,9	58,5	65,9	71,0
Lun 01/08/2022	66,3	110,3	15,4	95,3	13,8	19,4	43,1	51,1	56,3	63,4	67,9
Mar 02/08/2022	65,5	110,1	15,7	98,5	8,7	42,3	46,5	51,8	57,2	64,6	69,5
Mié 03/08/2022	67,0	111,8	38,7	100,3	7,3	43,4	47,4	54,2	58,6	65,2	70,8
Jue 04/08/2022	69,9	114,2	37,4	94,8	8,2	42,5	47,6	53,9	59,3	67,2	73,5
Vie 05/08/2022	65,2	109,8	38,5	93,9	6,9	44,2	47,6	53,7	58,1	64,4	69,5
Sáb 06/08/2022	69,7	114,0	36,3	107,1	7,8	40,7	45,9	51,8	57,6	64,8	69,8
Dom 07/08/2022	68,9	113,5	38,0	95,9	8,3	41,8	45,7	53,1	59,0	66,6	72,5
Lun 08/08/2022	73,0	117,2	39,2	96,9	8,7	43,0	47,5	54,6	59,2	69,2	76,6
Mar 09/08/2022	70,3	114,5	38,3	101,5	8,0	43,2	47,9	53,3	58,8	67,8	74,4
Mié 10/08/2022	68,0	112,4	32,4	103,1	8,4	37,9	46,8	52,9	57,2	64,1	69,8
Jue 11/08/2022	68,8	113,1	31,2	104,3	8,6	38,9	45,9	52,1	57,8	65,7	71,8
Vie 12/08/2022	72,1	116,2	33,0	98,4	9,3	41,0	47,5	53,4	59,7	70,4	76,9
Sáb 13/08/2022	63,4	108,0	27,4	95,1	8,5	34,8	41,5	47,5	54,2	62,7	66,2
Dom 14/08/2022	62,0	104,5	31,3	88,6	8,1	36,6	41,7	49,6	55,1	60,8	65,2
Lun 15/08/2022	72,6	116,7	36,4	99,2	8,8	41,5	45,5	51,9	58,2	68,0	75,1
Mar 16/08/2022	71,0	115,1	19,0	94,0	9,3	40,2	45,9	51,8	55,8	60,9	67,0
Mié 17/08/2022	62,4	104,2	15,0	90,4	15,6	17,1	22,0	48,5	53,1	57,0	61,1
Jue 18/08/2022	73,5	117,6	41,4	93,7	8,8	44,9	48,5	54,4	60,1	72,1	82,3
Vie 19/08/2022	75,9	120,0	40,4	96,3	9,3	43,5	47,0	53,1	59,2	70,4	83,6
Sáb 20/08/2022	63,0	107,1	16,1	104,5	10,7	20,2	27,1	40,2	45,2	50,1	53,8
Dom 21/08/2022	70,2	114,5	16,1	94,8	13,3	19,3	46,0	52,4	56,9	63,0	69,6
Lun 22/08/2022	67,0	111,3	40,1	95,6	6,7	42,4	45,6	51,2	55,9	60,9	65,3
Mar 23/08/2022	70,7	114,7	31,7	96,1	6,4	44,4	47,9	53,5	56,3	59,8	64,4
Mié 24/08/2022	62,9	108,1	41,1	93,3	5,8	44,3	47,2	52,4	56,0	60,4	64,4
Jue 25/08/2022	70,6	114,8	38,1	95,0	8,0	40,5	46,9	52,0	56,9	63,5	69,0
Vie 26/08/2022	66,9	111,4	41,3	93,0	6,2	45,0	48,5	53,8	57,2	62,0	66,1
Sáb 27/08/2022	72,7	116,8	39,0	99,1	7,0	44,4	48,2	53,1	56,7	61,7	67,3
Dom 28/08/2022	61,7	106,4	38,6	91,6	7,2	40,1	44,2	51,7	56,0	60,6	64,1
Lun 29/08/2022	61,4	104,3	41,0	82,9	6,2	42,9	47,1	52,2	56,4	61,6	65,5
Mar 30/08/2022	64,6	109,3	40,3	94,3	6,2	43,8	47,1	53,0	56,4	61,2	65,4
Mié 31/08/2022	68,1	112,4	41,1	97,3	6,5	43,7	46,6	51,7	56,0	61,3	66,1
Jue 01/09/2022	73,0	120,0	40,5	101,4	8,7	42,8	46,5	50,7	57,3	68,9	76,4
