Archivo	EMRI_25.CMG
Localización	EMRI_25
Tipo de datos	Leq
Ponderación	A
Unidad	dB
Inicio	31/07/2022 0:00:00:000
Fin	02/09/2022 0:00:00:000
Período	Dia0627_Ld (Ld)
Fragmentos de tiempo	Ld	07:01	21:00	K = 0 dBA	   	   	   	   	   	   	   
	Ld	SEL	Lmin	Lmax	StdDev	L90	L50	L20	L10	L5	L3
Día	dB	dB	dB	dB	dB	dB	dB	dB	dB	dB	dB
Dom 31/07/2022	62,5	101,0	46,0	86,4	5,4	50,3	54,2	58,2	63,2	67,6	70,0
Lun 01/08/2022	64,7	111,7	48,8	91,1	5,1	54,9	59,0	63,4	67,8	71,0	72,8
Mar 02/08/2022	64,4	111,4	50,4	87,7	4,8	55,0	59,0	63,3	67,0	70,3	72,2
Mié 03/08/2022	65,3	112,3	49,9	92,8	5,0	54,9	58,7	63,0	67,1	70,7	72,7
Jue 04/08/2022	64,5	111,5	50,0	90,2	4,8	55,1	58,9	63,1	67,0	70,3	72,1
Vie 05/08/2022	64,7	111,7	51,4	89,2	4,6	55,5	59,0	62,9	66,6	70,1	72,1
Sáb 06/08/2022	65,4	112,4	49,9	93,3	5,2	54,3	58,2	62,8	67,2	70,5	72,6
Dom 07/08/2022	63,7	110,7	44,7	89,0	6,0	50,8	54,9	60,0	65,9	69,8	71,9
Lun 08/08/2022	64,2	111,2	52,0	86,7	4,5	55,9	59,2	63,1	66,8	70,1	72,0
Mar 09/08/2022	64,6	111,6	50,5	90,0	4,7	55,4	59,1	63,2	66,9	70,3	72,3
Mié 10/08/2022	65,9	112,9	51,2	96,7	4,8	55,8	59,5	63,7	67,7	71,1	73,0
Jue 11/08/2022	65,5	112,5	50,5	93,8	5,1	54,8	58,8	63,1	67,3	70,8	72,9
Vie 12/08/2022	64,9	111,9	49,9	94,0	4,8	55,2	59,0	62,9	66,6	70,2	72,3
Sáb 13/08/2022	66,0	113,0	49,1	93,9	5,4	53,8	58,4	62,9	67,2	71,0	73,1
Dom 14/08/2022	64,0	111,0	44,1	92,2	6,2	49,7	53,9	59,5	65,6	69,5	71,7
Lun 15/08/2022	63,5	110,6	48,6	87,2	5,6	51,9	55,5	60,8	66,2	70,1	72,0
Mar 16/08/2022	64,0	111,0	49,1	89,8	4,8	54,3	58,5	62,4	66,0	69,7	71,8
Mié 17/08/2022	66,0	113,0	50,6	94,6	5,0	55,7	59,7	64,2	68,1	71,2	72,9
Jue 18/08/2022	64,5	111,5	48,7	92,5	4,9	54,3	58,7	62,7	66,3	70,0	71,9
Vie 19/08/2022	65,0	112,0	50,7	92,6	4,8	55,4	59,1	63,2	67,2	70,6	72,6
Sáb 20/08/2022	65,8	112,8	50,0	93,7	5,1	54,5	58,4	62,8	67,0	70,6	72,6
Dom 21/08/2022	63,3	110,3	44,9	91,6	6,3	49,4	53,4	58,9	65,5	69,8	72,0
Lun 22/08/2022	64,9	112,0	49,6	90,5	4,8	55,3	60,4	64,2	67,5	70,6	72,4
Mar 23/08/2022	65,2	112,2	49,6	88,6	5,2	55,1	60,7	66,2	68,7	70,5	71,8
Mié 24/08/2022	66,0	113,0	50,7	93,5	4,9	55,7	60,5	65,0	68,2	70,9	72,7
Jue 25/08/2022	66,3	113,3	49,2	92,8	5,8	54,6	59,9	66,7	69,6	71,7	73,3
Vie 26/08/2022	66,1	113,1	50,9	90,2	5,5	55,5	59,9	65,9	70,2	72,7	73,9
Sáb 27/08/2022	65,8	112,9	49,1	93,7	5,3	54,2	58,0	62,5	67,0	70,7	72,7
Dom 28/08/2022	62,9	109,9	43,4	87,2	6,3	49,5	53,5	59,5	65,5	69,5	71,5
Lun 29/08/2022	64,5	111,5	49,2	87,1	5,1	54,3	58,6	62,9	66,9	70,4	72,5
Mar 30/08/2022	64,2	111,2	49,3	92,3	4,9	54,3	58,6	62,9	66,4	69,6	71,6
Mié 31/08/2022	64,7	111,7	50,4	93,2	4,7	55,0	58,7	62,6	66,3	69,8	71,8
Jue 01/09/2022	65,8	104,4	53,7	84,3	4,9	56,5	60,0	64,8	68,9	72,3	73,9
Período	Noche0627_Ln (Ln)
Fragmentos de tiempo	Ln	21:01	07:00	K = 0 dBA	   	   	   	   	   	   	   
	Ln	SEL	Lmin	Lmax	StdDev	L90	L50	L20	L10	L5	L3
Día	dB	dB	dB	dB	dB	dB	dB	dB	dB	dB	dB
Dom 31/07/2022	61,1	101,4	45,5	81,4	5,5	50,1	53,1	58,0	63,3	67,9	69,7
Lun 01/08/2022	61,3	105,9	43,4	85,5	5,3	49,0	53,2	58,0	61,4	65,0	67,6
Mar 02/08/2022	63,2	106,3	42,9	91,3	5,6	48,0	53,5	58,5	61,5	64,9	67,9
Mié 03/08/2022	61,5	106,1	43,7	83,5	5,5	48,8	53,4	58,3	61,5	65,3	68,0
Jue 04/08/2022	61,3	105,6	44,0	83,2	5,3	48,7	53,4	58,2	61,5	65,1	67,8
Vie 05/08/2022	64,1	107,4	44,0	92,6	5,7	48,9	55,1	59,7	62,5	66,4	69,2
Sáb 06/08/2022	64,1	107,5	47,5	91,9	4,5	51,9	55,8	59,6	62,7	65,2	67,9
Dom 07/08/2022	61,5	105,3	44,0	86,6	5,2	48,1	51,7	55,9	59,2	64,4	67,7
Lun 08/08/2022	61,5	106,2	44,2	87,6	5,3	49,2	54,5	59,1	61,8	65,2	67,8
Mar 09/08/2022	63,1	106,5	44,6	92,5	4,6	51,3	54,5	58,6	61,7	65,3	67,9
Mié 10/08/2022	61,4	105,6	42,9	83,8	5,4	48,2	53,3	57,9	61,2	64,6	67,6
Jue 11/08/2022	61,9	106,0	44,7	86,2	5,3	48,8	53,4	58,2	61,5	65,3	68,0
Vie 12/08/2022	64,0	107,2	43,4	92,5	5,7	48,5	55,4	59,8	62,7	66,2	69,0
Sáb 13/08/2022	62,2	107,5	44,8	90,3	4,7	51,8	59,3	61,3	63,4	66,0	68,2
Dom 14/08/2022	62,0	105,7	42,8	89,5	5,3	47,9	52,0	56,0	59,7	64,2	67,4
Lun 15/08/2022	61,6	105,7	42,7	88,2	5,5	46,7	51,1	55,3	59,2	63,9	67,2
Mar 16/08/2022	63,1	107,1	45,7	91,5	4,9	50,8	55,2	59,0	62,0	65,4	68,3
Mié 17/08/2022	62,0	106,9	47,9	86,5	4,9	51,2	55,3	59,5	62,6	66,3	68,9
Jue 18/08/2022	61,3	106,5	46,2	87,6	5,1	50,0	54,5	59,0	62,3	66,0	68,4
Vie 19/08/2022	64,4	106,8	46,0	90,0	4,8	50,3	55,0	59,1	61,9	65,0	67,6
Sáb 20/08/2022	62,4	106,2	46,4	87,8	4,8	50,5	54,7	58,4	61,6	65,2	67,9
Dom 21/08/2022	63,7	106,3	42,0	92,2	5,5	47,1	51,0	54,8	58,9	64,4	67,9
Lun 22/08/2022	61,1	105,9	43,0	84,8	6,1	46,9	52,2	58,6	62,1	64,9	67,6
Mar 23/08/2022	61,4	106,2	43,7	84,9	5,5	48,4	54,0	58,7	61,9	65,4	68,1
Mié 24/08/2022	61,3	105,8	42,1	82,0	5,9	48,2	53,5	60,2	63,5	65,9	67,7
Jue 25/08/2022	61,3	106,1	43,1	83,8	5,6	48,7	53,8	59,2	62,4	65,3	67,8
Vie 26/08/2022	61,8	106,4	43,1	86,2	5,8	47,9	55,0	59,8	62,4	65,9	68,4
Sáb 27/08/2022	61,5	106,4	45,1	85,1	5,4	49,5	53,8	58,7	62,2	66,0	68,9
Dom 28/08/2022	62,2	105,5	42,6	91,1	5,4	46,8	50,4	54,4	58,2	63,4	67,1
Lun 29/08/2022	60,9	105,9	40,0	85,1	6,1	46,6	53,3	58,3	61,5	65,0	67,6
Mar 30/08/2022	63,7	106,7	44,4	90,2	5,6	48,1	53,5	58,5	61,8	65,2	67,8
Mié 31/08/2022	61,9	106,3	42,9	83,5	5,3	49,5	54,4	59,0	62,2	65,7	68,3
Jue 01/09/2022	61,1	108,2	49,4	89,5	4,6	51,2	53,9	58,2	61,2	64,3	67,2
