Archivo	20220801_143800_143830_1.CMG
Localización	EMRI_29
Tipo de datos	Slow
Ponderación	A
Unidad	dB
Inicio	01/08/2022 0:00:00:000
Fin	02/09/2022 0:00:00:000
Período	Dia0627_Ld (Ld)
Fragmentos de tiempo	Ld	07:01	21:00	K = 0 dBA	   	   	   	   	   	   	   
	Ld	SEL	Lmin	Lmax	StdDev	L90	L50	L20	L10	L5	L3
Día	dB	dB	dB	dB	dB	dB	dB	dB	dB	dB	dB
Lun 01/08/2022	68,7	83,5	55,1	75,9	5,9	57,1	64,0	71,5	73,9	75,0	75,1
Mar 02/08/2022	62,4	77,2	58,4	67,2	2,1	59,1	61,6	63,3	65,4	66,5	66,5
Mié 03/08/2022	55,2	70,0	52,3	57,3	1,2	53,4	54,6	56,2	56,6	57,0	57,1
Jue 04/08/2022	54,8	69,6	53,9	56,1	0,5	54,0	54,6	55,1	55,8	55,8	55,9
Vie 05/08/2022	56,6	71,3	54,7	58,8	1,1	55,0	56,2	57,3	58,1	58,4	58,6
Sáb 06/08/2022	56,3	71,0	53,8	58,6	1,3	54,4	55,8	57,4	58,0	58,1	58,1
Dom 07/08/2022	50,4	65,2	48,3	52,6	1,0	48,5	50,3	50,9	51,8	52,3	52,5
Lun 08/08/2022	57,5	72,3	53,4	62,3	2,4	53,6	56,6	59,1	59,7	62,0	62,1
Mar 09/08/2022	53,2	68,0	51,5	54,8	0,9	51,7	53,0	54,0	54,3	54,6	54,6
Mié 10/08/2022	63,6	105,0	45,4	80,2	7,5	48,7	53,6	63,7	69,7	70,9	71,5
Jue 11/08/2022	61,6	108,6	46,9	85,5	5,4	50,8	54,2	58,4	64,5	68,9	70,8
Vie 12/08/2022	62,1	109,1	48,9	86,4	4,0	54,0	58,0	60,3	62,0	65,8	69,4
Sáb 13/08/2022	60,3	107,3	45,8	83,2	4,5	51,3	54,6	57,7	60,6	65,7	69,3
Dom 14/08/2022	65,7	112,7	43,9	89,1	8,3	49,3	54,9	69,1	71,1	71,9	72,4
Lun 15/08/2022	60,4	107,4	44,6	85,4	6,0	47,9	51,9	56,6	64,3	66,9	68,8
Mar 16/08/2022	63,0	110,0	48,6	93,4	4,2	53,8	57,8	60,5	62,5	66,4	69,7
Mié 17/08/2022	60,6	107,7	46,9	84,8	4,5	51,8	55,0	58,4	61,5	65,5	68,8
Jue 18/08/2022	61,4	108,4	45,4	87,1	4,5	51,9	56,7	59,7	61,7	65,7	69,3
Vie 19/08/2022	61,1	108,1	46,4	90,4	4,4	51,7	55,5	58,6	61,0	64,9	68,6
Sáb 20/08/2022	61,0	108,1	45,8	87,6	4,9	50,4	55,5	59,0	61,7	65,8	69,3
Dom 21/08/2022	59,6	106,6	44,4	90,7	4,3	50,7	54,1	56,5	59,0	63,5	67,7
Lun 22/08/2022	59,8	106,8	47,2	84,0	4,4	50,8	54,3	57,3	59,7	64,6	68,6
Mar 23/08/2022	63,5	110,5	49,6	94,6	4,4	53,6	57,9	60,6	62,9	67,4	70,4
Mié 24/08/2022	60,3	107,3	47,7	82,0	4,3	51,9	55,6	58,6	60,7	65,0	68,8
Jue 25/08/2022	61,8	108,9	49,3	82,6	3,9	54,8	58,5	61,2	63,8	67,5	69,7
Vie 26/08/2022	63,0	110,0	51,2	85,8	3,8	55,6	59,0	61,6	63,4	67,0	70,3
Sáb 27/08/2022	63,0	110,0	47,6	82,2	4,8	53,8	58,9	63,1	66,3	69,0	70,5
Dom 28/08/2022	61,2	108,2	44,9	81,5	5,6	49,2	54,1	58,4	62,9	68,1	70,8
Lun 29/08/2022	63,4	110,4	50,7	89,4	4,3	55,4	59,0	62,2	65,1	69,2	71,4
Mar 30/08/2022	61,9	109,0	47,9	86,5	3,9	54,4	58,2	60,7	62,4	66,1	69,4
Mié 31/08/2022	61,4	108,4	47,6	86,0	4,2	53,1	56,0	58,6	61,3	65,9	69,3
Jue 01/09/2022	58,4	93,9	49,9	74,0	3,2	52,6	54,9	57,0	58,3	60,8	64,5
Período	Noche0627_Ln (Ln)
Fragmentos de tiempo	Ln	21:01	07:00	K = 0 dBA	   	   	   	   	   	   	   
	Ln	SEL	Lmin	Lmax	StdDev	L90	L50	L20	L10	L5	L3
Día	dB	dB	dB	dB	dB	dB	dB	dB	dB	dB	dB
Lun 01/08/2022											
Mar 02/08/2022											
Mié 03/08/2022											
Jue 04/08/2022											
Vie 05/08/2022											
Sáb 06/08/2022											
Dom 07/08/2022											
Lun 08/08/2022											
Mar 09/08/2022											
Mié 10/08/2022	60,2	100,5	42,8	87,0	5,4	46,4	51,6	55,0	57,4	63,7	68,3
Jue 11/08/2022	62,8	107,6	43,0	87,6	5,7	46,7	52,0	56,0	58,6	63,5	68,9
Vie 12/08/2022	63,8	108,5	45,9	90,9	5,3	48,9	54,6	57,7	59,9	64,9	69,2
Sáb 13/08/2022	66,3	110,7	45,5	98,8	5,2	48,9	54,1	56,8	58,8	64,3	69,1
Dom 14/08/2022	61,3	106,5	42,8	88,0	5,3	47,4	51,3	55,1	57,3	62,5	67,8
Lun 15/08/2022	64,5	108,9	43,3	94,9	5,4	47,2	52,2	55,0	57,7	63,4	68,5
Mar 16/08/2022	59,2	103,3	45,9	77,2	4,0	49,9	53,6	57,2	59,2	60,7	62,5
Mié 17/08/2022	60,4	104,1	46,2	82,6	4,3	49,4	53,5	57,5	59,1	61,0	63,8
Jue 18/08/2022	59,6	104,0	46,5	85,9	4,3	49,6	53,3	58,2	60,0	61,3	62,9
Vie 19/08/2022	60,4	104,0	46,0	87,3	4,1	49,3	53,0	56,1	57,8	60,4	63,9
Sáb 20/08/2022	61,4	104,8	45,0	86,1	5,0	48,1	54,2	58,4	60,0	62,0	64,9
Dom 21/08/2022	59,1	102,3	45,0	78,2	4,2	48,1	51,3	54,7	56,9	60,2	62,9
Lun 22/08/2022	57,7	102,0	42,9	78,6	5,0	45,9	50,2	54,9	57,7	59,7	62,2
Mar 23/08/2022	57,1	102,0	44,6	79,8	4,2	48,3	52,9	57,2	58,8	59,9	61,0
Mié 24/08/2022	59,9	102,9	45,1	78,5	4,4	48,3	53,0	56,9	58,8	60,4	62,3
Jue 25/08/2022	59,4	102,5	41,8	78,3	4,9	46,2	52,3	56,2	57,9	59,9	62,5
Vie 26/08/2022	59,9	105,3	46,1	89,7	4,3	50,1	54,3	58,0	60,3	62,4	64,6
Sáb 27/08/2022	60,7	104,0	43,7	79,7	4,9	48,6	52,9	57,3	60,6	62,4	67,0
Dom 28/08/2022	59,3	102,2	42,6	78,7	5,2	45,2	49,4	54,6	56,9	59,9	62,7
Lun 29/08/2022	59,6	103,2	43,2	77,9	4,9	47,0	52,9	56,4	58,4	60,8	63,9
Mar 30/08/2022	59,2	103,3	44,1	79,1	4,9	47,3	52,9	57,2	59,2	61,1	63,4
Mié 31/08/2022	59,6	103,0	45,7	78,0	4,4	48,6	53,2	56,8	58,9	61,0	63,0
Jue 01/09/2022	63,6	110,6	42,6	93,9	6,3	46,2	51,3	57,7	59,4	63,7	68,9
