Archivo	EMRI_23.CMG
Localización	EMRI_23
Tipo de datos	Leq
Ponderación	A
Unidad	dB
Inicio	31/07/2022 0:00:00:000
Fin	02/09/2022 0:00:00:000
Período	Dia0627_Ld (Ld)
Fragmentos de tiempo	Ld	07:01	21:00	K = 0 dBA	   	   	   	   	   	   	   
	Ld	SEL	Lmin	Lmax	StdDev	L90	L50	L20	L10	L5	L3
Día	dB	dB	dB	dB	dB	dB	dB	dB	dB	dB	dB
Dom 31/07/2022	58,3	96,9	49,6	81,3	3,5	51,9	53,8	56,2	58,5	61,8	64,4
Lun 01/08/2022	60,8	107,8	48,9	85,2	3,8	54,1	56,8	59,7	62,7	66,1	68,1
Mar 02/08/2022	60,8	107,8	49,1	87,0	3,5	54,4	57,2	60,0	62,4	65,2	67,0
Mié 03/08/2022	64,8	111,8	48,2	98,3	4,8	54,5	58,1	62,7	66,1	69,1	71,2
Jue 04/08/2022	66,0	113,0	50,1	102,9	4,6	54,5	57,6	61,5	64,8	67,8	70,0
Vie 05/08/2022	63,1	110,1	50,0	88,2	4,3	54,4	57,1	60,7	63,9	67,1	69,1
Sáb 06/08/2022	64,1	111,1	49,5	99,6	4,3	53,6	56,6	60,3	63,6	66,7	68,6
Dom 07/08/2022	64,6	111,6	46,0	95,5	5,3	52,0	55,1	59,7	63,9	67,5	70,2
Lun 08/08/2022	65,3	112,3	50,4	88,7	5,2	54,5	58,1	63,1	66,8	70,2	72,5
Mar 09/08/2022	63,4	110,4	50,3	99,5	4,0	54,6	57,4	61,0	63,8	66,6	68,4
Mié 10/08/2022	67,3	114,3	51,7	102,3	5,2	56,0	59,6	64,7	68,4	71,8	74,1
Jue 11/08/2022	65,2	112,2	49,1	99,7	4,1	55,0	57,9	61,4	64,4	67,2	69,0
Vie 12/08/2022	63,4	110,4	50,8	91,5	4,4	54,2	57,4	61,2	64,4	67,2	69,3
Sáb 13/08/2022	65,3	112,3	50,6	101,4	4,2	53,7	56,7	60,2	63,4	66,5	68,4
Dom 14/08/2022	60,7	107,7	46,8	88,3	4,3	51,1	54,3	57,7	60,8	64,3	66,4
Lun 15/08/2022	63,7	110,7	47,5	87,5	5,4	52,5	56,3	61,7	65,7	69,0	71,3
Mar 16/08/2022	63,9	111,0	51,0	96,6	4,5	55,1	60,5	64,3	65,7	67,6	69,2
Mié 17/08/2022	65,9	112,9	50,9	97,3	5,2	55,1	58,9	64,0	67,6	70,7	73,0
Jue 18/08/2022	64,3	111,3	50,3	97,3	4,7	54,1	57,2	61,5	65,2	68,6	70,9
Vie 19/08/2022	63,0	110,0	51,2	90,2	4,2	55,1	57,9	61,5	64,7	67,8	69,9
Sáb 20/08/2022	65,4	112,4	50,0	100,0	4,4	54,3	57,3	61,3	64,6	67,5	69,2
Dom 21/08/2022	62,4	109,4	46,4	89,0	5,1	52,0	55,2	59,8	64,1	67,6	69,8
Lun 22/08/2022	65,2	112,2	49,8	89,9	4,9	54,6	57,8	61,8	65,5	68,9	71,9
Mar 23/08/2022	62,6	109,7	49,5	88,4	4,3	54,2	56,9	60,3	63,5	66,8	69,3
Mié 24/08/2022	65,3	112,3	51,1	97,5	4,7	55,1	58,2	62,6	66,2	69,4	71,6
Jue 25/08/2022	62,2	109,2	49,3	94,7	4,0	54,0	57,3	61,0	63,7	66,2	68,0
Vie 26/08/2022	64,8	111,8	50,3	90,6	5,0	54,3	57,5	62,3	66,1	69,3	72,0
Sáb 27/08/2022	66,5	113,5	49,2	105,8	4,4	53,1	56,0	59,7	62,9	66,1	68,0
Dom 28/08/2022	60,3	107,3	45,6	83,6	4,5	51,9	55,1	59,2	62,7	65,8	67,7
Lun 29/08/2022	62,8	109,9	49,2	87,4	4,2	54,2	57,3	60,9	64,1	66,9	68,7
Mar 30/08/2022	63,3	110,3	50,5	101,3	4,0	54,4	57,1	60,2	63,2	66,1	68,2
Mié 31/08/2022	63,1	110,1	49,2	97,8	3,9	54,1	56,8	59,5	62,3	65,6	68,0
Jue 01/09/2022											
Período	Noche0627_Ln (Ln)
Fragmentos de tiempo	Ln	21:01	07:00	K = 0 dBA	   	   	   	   	   	   	   
	Ln	SEL	Lmin	Lmax	StdDev	L90	L50	L20	L10	L5	L3
Día	dB	dB	dB	dB	dB	dB	dB	dB	dB	dB	dB
Dom 31/07/2022	60,5	100,8	47,2	79,6	5,0	50,1	53,1	56,7	60,8	65,7	69,3
Lun 01/08/2022	60,5	103,7	39,0	82,5	5,9	44,3	51,0	55,4	58,4	63,4	66,2
Mar 02/08/2022	62,9	104,5	39,1	94,9	5,5	44,8	51,0	55,3	58,1	61,2	64,0
Mié 03/08/2022	60,2	103,2	38,9	81,2	5,6	44,7	51,0	55,7	58,2	61,3	64,4
Jue 04/08/2022	60,5	103,0	39,0	81,0	5,7	44,6	51,9	56,2	58,5	61,3	64,0
Vie 05/08/2022	64,1	106,6	40,1	93,1	5,9	45,7	53,2	57,1	59,4	62,4	65,7
Sáb 06/08/2022	63,7	105,8	46,4	93,4	3,9	51,0	54,3	57,2	59,7	62,1	64,1
Dom 07/08/2022	59,9	102,9	43,3	85,4	4,2	48,3	51,2	54,0	56,7	60,4	63,7
Lun 08/08/2022	58,4	102,2	39,8	79,2	5,5	44,8	50,7	55,8	58,1	60,6	63,1
Mar 09/08/2022	63,1	104,7	38,4	94,3	5,7	44,2	51,5	55,5	58,1	61,0	63,8
Mié 10/08/2022	61,6	103,6	40,5	84,4	5,5	45,6	52,0	56,6	59,0	61,7	64,1
Jue 11/08/2022	59,3	103,7	42,1	84,4	4,9	47,1	52,0	56,0	58,4	61,1	63,8
Vie 12/08/2022	62,8	106,0	40,9	94,1	5,1	46,9	52,5	56,2	58,4	61,2	63,7
Sáb 13/08/2022	61,2	104,1	45,2	82,3	3,8	50,5	53,9	56,4	58,3	61,0	63,9
Dom 14/08/2022	62,9	104,5	43,7	95,0	4,0	48,8	51,7	54,3	56,6	59,9	63,1
Lun 15/08/2022	60,0	102,9	40,6	83,9	4,9	45,3	50,0	53,2	55,6	59,3	62,9
Mar 16/08/2022	63,4	106,8	41,8	95,7	5,2	47,0	52,5	56,3	58,8	61,8	64,5
Mié 17/08/2022	60,0	102,8	40,5	83,4	4,8	46,8	52,1	55,7	57,9	60,4	62,9
Jue 18/08/2022	60,1	103,2	40,9	81,5	5,2	45,7	51,9	56,1	58,5	61,4	64,0
Vie 19/08/2022	64,4	105,9	40,9	94,2	5,7	45,9	52,9	57,3	59,7	61,9	64,0
Sáb 20/08/2022	62,2	104,8	46,7	89,1	3,9	51,0	54,0	57,0	59,1	61,5	64,4
Dom 21/08/2022	63,2	105,8	43,8	92,3	4,5	48,5	51,4	54,1	56,8	61,0	64,6
Lun 22/08/2022	60,6	105,9	38,2	84,5	6,3	43,3	51,2	55,5	57,9	61,4	64,9
Mar 23/08/2022	61,9	107,0	39,2	85,3	6,3	44,4	52,0	56,3	59,0	62,9	67,1
Mié 24/08/2022	61,9	107,1	39,7	85,9	6,1	45,1	51,9	56,3	59,0	62,8	66,6
Jue 25/08/2022	59,3	103,8	40,9	87,0	5,1	46,2	51,6	55,8	58,3	61,1	63,6
Vie 26/08/2022	60,6	103,7	40,4	84,1	5,4	45,6	52,4	56,1	58,6	61,4	63,8
Sáb 27/08/2022	60,9	104,7	45,1	85,1	4,2	49,5	53,4	56,2	58,3	61,8	64,6
Dom 28/08/2022	63,5	106,7	45,4	94,6	4,3	49,2	51,8	54,2	56,6	60,8	64,6
Lun 29/08/2022	60,9	104,5	38,4	83,6	5,9	44,0	51,0	55,3	57,8	61,1	64,4
Mar 30/08/2022	63,6	105,5	38,6	93,8	5,6	44,9	51,1	55,7	58,4	61,4	64,1
Mié 31/08/2022	60,8	103,2	38,3	82,2	5,8	44,0	51,0	55,5	58,1	60,8	63,3
Jue 01/09/2022	57,3	104,3	38,9	88,7	5,4	44,0	49,5	55,1	57,5	59,6	61,5
