Archivo	EMRI_32.CMG
Localización	EMRI_32
Tipo de datos	Leq
Ponderación	A
Unidad	dB
Inicio	31/07/2022 0:00:00:000
Fin	02/09/2022 0:00:00:000
Período	Dia0627_Ld (Ld)
Fragmentos de tiempo	Ld	07:01	21:00	K = 0 dBA	   	   	   	   	   	   	   
	Ld	SEL	Lmin	Lmax	StdDev	L90	L50	L20	L10	L5	L3
Día	dB	dB	dB	dB	dB	dB	dB	dB	dB	dB	dB
Dom 31/07/2022	65,3	103,9	48,3	86,8	5,6	52,0	55,7	60,1	63,5	68,6	73,4
Lun 01/08/2022	63,4	110,4	47,9	96,6	5,2	50,4	54,4	58,6	62,2	66,3	69,4
Mar 02/08/2022	62,5	109,6	48,5	91,8	4,6	52,3	55,5	59,3	62,4	65,7	68,6
Mié 03/08/2022	62,0	109,0	47,4	91,7	4,8	51,0	54,6	58,5	61,6	64,9	68,0
Jue 04/08/2022	64,3	111,3	47,5	91,0	5,1	52,8	56,8	60,9	64,0	68,0	71,4
Vie 05/08/2022	62,9	109,9	47,4	86,6	5,2	51,1	55,6	60,0	63,1	66,5	69,5
Sáb 06/08/2022	63,9	110,9	47,5	93,3	5,3	51,5	56,1	60,9	63,7	66,9	69,8
Dom 07/08/2022	63,3	110,3	45,9	90,0	5,3	50,7	55,2	59,3	62,7	67,2	70,7
Lun 08/08/2022	62,6	109,6	49,0	89,0	4,5	52,8	56,2	59,6	62,3	66,2	69,8
Mar 09/08/2022	63,5	110,5	48,6	94,8	4,8	52,2	55,6	59,6	62,4	65,9	69,5
Mié 10/08/2022	61,5	108,5	49,2	89,0	4,4	52,3	55,1	59,1	62,1	65,1	67,6
Jue 11/08/2022	59,9	106,9	48,7	87,7	3,9	52,0	54,5	57,3	60,0	63,4	66,1
Vie 12/08/2022	63,6	110,6	47,4	88,7	5,5	51,0	54,5	59,5	63,4	67,7	70,6
Sáb 13/08/2022	62,3	109,3	46,8	95,0	5,4	49,5	52,6	57,7	61,8	65,9	68,7
Dom 14/08/2022	62,0	109,0	45,6	89,7	5,1	49,6	53,1	57,0	60,3	64,9	68,6
Lun 15/08/2022	62,5	109,5	47,0	100,6	4,4	50,4	53,4	57,0	60,0	63,4	66,2
Mar 16/08/2022	62,9	109,9	47,9	89,4	5,0	50,8	54,1	58,0	61,5	65,6	69,1
Mié 17/08/2022	63,2	110,2	48,9	90,8	4,9	52,6	56,1	59,9	63,2	67,7	70,8
Jue 18/08/2022	61,8	108,8	47,4	90,0	5,1	50,7	54,2	59,0	62,3	65,9	68,8
Vie 19/08/2022	62,5	109,5	48,0	93,2	4,8	51,3	55,6	59,5	62,2	65,4	68,2
Sáb 20/08/2022	60,8	107,8	47,6	89,7	4,4	50,8	53,8	57,2	60,2	63,7	66,5
Dom 21/08/2022	59,7	106,8	45,9	88,2	4,8	48,9	52,5	56,5	59,8	63,5	66,2
Lun 22/08/2022	59,7	106,8	48,8	85,6	4,1	51,5	54,1	57,5	60,4	63,7	66,3
Mar 23/08/2022	61,5	108,5	47,0	88,9	4,9	50,9	54,4	58,8	62,0	66,0	68,7
Mié 24/08/2022	60,7	107,8	46,7	87,0	4,4	51,5	54,4	57,8	60,6	64,5	67,4
Jue 25/08/2022	62,2	109,2	47,2	89,3	5,0	50,6	54,2	58,3	61,9	65,7	68,8
Vie 26/08/2022	63,6	110,6	47,2	90,6	5,5	50,7	54,8	59,6	63,3	67,5	70,6
Sáb 27/08/2022	61,0	108,1	46,2	86,6	4,9	50,2	53,7	57,8	61,1	64,7	67,7
Dom 28/08/2022	59,9	106,9	44,6	85,9	4,9	49,3	52,4	56,5	60,1	63,8	66,7
Lun 29/08/2022	61,4	108,4	48,0	90,3	4,7	51,3	54,4	58,6	61,8	65,2	67,9
Mar 30/08/2022	60,4	107,5	47,4	95,0	4,6	50,5	53,6	57,4	60,6	64,3	67,3
Mié 31/08/2022	61,7	108,7	47,3	92,8	5,3	50,1	53,7	58,8	62,4	66,1	68,7
Jue 01/09/2022	60,9	107,3	45,6	88,2	4,8	50,4	53,5	57,4	60,8	64,9	68,0
Período	Noche0627_Ln (Ln)
Fragmentos de tiempo	Ln	21:01	07:00	K = 0 dBA	   	   	   	   	   	   	   
	Ln	SEL	Lmin	Lmax	StdDev	L90	L50	L20	L10	L5	L3
Día	dB	dB	dB	dB	dB	dB	dB	dB	dB	dB	dB
Dom 31/07/2022	64,2	104,6	47,0	86,8	5,2	50,9	54,4	58,8	62,1	64,7	67,5
Lun 01/08/2022	65,6	111,1	44,7	92,6	6,5	47,6	53,3	58,7	62,3	66,4	71,4
Mar 02/08/2022	67,6	112,6	44,6	99,5	6,6	47,4	53,1	58,3	62,0	66,6	71,0
Mié 03/08/2022	67,3	111,9	45,7	92,8	6,4	48,9	53,5	59,5	62,8	66,9	72,1
Jue 04/08/2022	66,0	110,9	44,3	93,8	6,3	48,3	53,4	58,7	62,2	66,2	70,5
Vie 05/08/2022	65,5	110,0	45,2	90,6	6,2	48,3	51,9	58,4	62,0	66,1	70,4
Sáb 06/08/2022	67,9	113,3	45,9	99,3	6,2	49,6	55,8	60,5	62,9	67,6	72,9
Dom 07/08/2022	65,1	110,6	44,4	93,3	6,2	48,2	52,7	58,0	61,9	66,2	70,6
Lun 08/08/2022	65,0	109,8	45,0	90,1	6,6	47,8	52,8	59,8	63,2	66,8	70,5
Mar 09/08/2022	66,3	111,1	44,6	94,7	6,4	47,6	52,7	58,3	61,5	65,6	70,3
Mié 10/08/2022	62,2	106,6	47,1	88,6	5,0	48,7	51,9	56,2	59,6	62,7	65,2
Jue 11/08/2022	63,8	106,9	47,1	87,8	5,0	49,3	52,4	56,7	60,4	63,7	66,4
Vie 12/08/2022	65,5	110,8	46,3	95,7	6,4	48,0	52,9	59,1	62,7	66,4	69,5
Sáb 13/08/2022	64,6	109,4	45,2	96,1	5,7	47,9	52,1	56,8	60,5	64,0	68,3
Dom 14/08/2022	63,6	107,9	43,7	91,7	6,1	46,7	50,8	57,9	60,3	63,6	66,5
Lun 15/08/2022	64,9	110,2	43,1	90,6	6,3	47,4	53,1	57,6	61,5	65,7	70,1
Mar 16/08/2022	64,1	107,9	45,4	92,1	5,6	48,9	53,2	58,7	62,1	65,2	67,8
Mié 17/08/2022	63,1	107,5	44,5	87,8	5,8	48,1	54,0	59,8	62,7	65,4	67,6
Jue 18/08/2022	64,2	107,7	45,3	90,3	5,4	49,1	53,8	59,0	61,8	64,7	67,5
Vie 19/08/2022	60,1	104,8	46,1	91,1	4,8	48,5	52,3	57,3	60,1	62,3	64,2
Sáb 20/08/2022	64,8	107,6	46,1	88,5	5,4	48,8	54,2	58,9	61,4	64,0	66,6
Dom 21/08/2022	63,2	105,5	45,3	87,8	5,1	47,4	49,7	54,5	58,2	61,9	65,1
Lun 22/08/2022	56,7	101,6	44,2	85,7	4,3	45,9	49,4	52,5	55,0	57,8	60,8
Mar 23/08/2022	66,3	110,5	44,7	98,8	5,1	47,3	52,0	56,6	59,4	61,8	63,8
Mié 24/08/2022	61,8	103,5	45,1	87,8	4,0	47,6	51,5	54,4	56,5	59,0	60,9
Jue 25/08/2022	64,7	106,2	44,7	89,6	5,3	47,1	51,7	56,0	59,5	62,7	65,1
Vie 26/08/2022	61,9	106,8	45,1	86,9	5,9	47,5	53,0	58,7	61,9	64,8	67,5
Sáb 27/08/2022	60,8	105,7	46,5	88,7	5,0	48,9	52,5	57,4	60,2	63,8	66,3
Dom 28/08/2022	59,7	104,6	44,4	88,0	4,7	47,3	50,4	54,8	57,7	60,6	63,0
Lun 29/08/2022	62,3	106,8	44,7	88,8	5,7	46,5	50,8	56,4	59,8	62,8	65,2
Mar 30/08/2022	64,6	107,3	45,6	92,0	5,6	47,6	51,6	57,6	60,7	63,6	65,9
Mié 31/08/2022	59,9	104,6	45,0	85,3	5,2	47,1	50,1	55,7	59,2	62,0	64,3
Jue 01/09/2022	65,7	112,8	45,2	93,9	6,2	46,8	49,3	54,8	58,7	63,9	68,8
