Archivo	EMRI_10.CMG
Localización	EMRI_10
Tipo de datos	Leq
Ponderación	A
Unidad	dB
Inicio	31/07/2022 0:00:00:000
Fin	02/09/2022 0:00:00:000
Período	Dia0627_Ld (Ld)
Fragmentos de tiempo	Ld	07:01	21:00	K = 0 dBA	   	   	   	   	   	   	   
	Ld	SEL	Lmin	Lmax	StdDev	L90	L50	L20	L10	L5	L3
Día	dB	dB	dB	dB	dB	dB	dB	dB	dB	dB	dB
Dom 31/07/2022	55,9	94,4	46,9	80,9	3,2	49,6	52,6	54,7	56,8	59,6	61,3
Lun 01/08/2022	61,2	108,2	46,3	95,8	3,8	51,8	55,0	57,7	60,0	62,3	64,4
Mar 02/08/2022	62,8	109,8	46,6	98,6	4,0	52,0	54,9	58,1	60,6	63,1	65,2
Mié 03/08/2022	62,7	109,7	44,9	99,9	4,0	52,5	56,2	59,3	61,7	64,4	66,3
Jue 04/08/2022	60,9	107,9	47,0	93,3	3,6	53,5	56,1	59,0	61,4	63,9	65,8
Vie 05/08/2022	60,3	107,3	46,8	85,2	3,9	52,6	55,8	58,7	61,2	63,7	65,9
Sáb 06/08/2022	63,6	110,7	28,2	101,6	5,3	49,1	55,4	57,9	59,8	62,1	63,9
Dom 07/08/2022	60,8	107,8	43,3	96,7	4,3	50,7	56,2	59,2	61,3	63,3	65,0
Lun 08/08/2022	61,7	108,7	47,0	93,4	4,2	52,9	56,2	59,9	62,8	65,6	67,7
Mar 09/08/2022	59,6	106,6	49,3	85,8	3,3	53,7	56,1	58,9	61,2	63,4	65,2
Mié 10/08/2022	60,3	107,3	27,1	89,4	5,7	50,7	56,2	59,6	62,1	64,6	66,5
Jue 11/08/2022	61,0	108,0	47,6	95,0	3,6	53,3	56,0	58,8	61,2	63,5	65,4
Vie 12/08/2022	60,9	107,9	46,3	98,7	4,4	51,3	55,0	58,5	61,3	64,4	67,1
Sáb 13/08/2022	58,2	105,2	23,6	89,4	6,8	43,3	53,6	56,6	59,2	61,9	64,2
Dom 14/08/2022	58,3	105,3	43,9	85,4	3,7	51,7	55,4	58,4	60,1	62,0	63,6
Lun 15/08/2022	61,8	108,8	39,7	98,0	3,8	51,6	55,0	57,4	59,7	62,3	64,3
Mar 16/08/2022	70,0	117,1	43,8	110,9	5,0	51,4	55,4	59,1	62,1	65,5	68,2
Mié 17/08/2022	64,6	111,6	27,4	102,0	5,5	50,8	56,5	60,1	62,9	65,8	67,8
Jue 18/08/2022	60,6	107,6	46,6	92,7	4,2	51,7	55,1	58,5	61,4	64,3	66,5
Vie 19/08/2022	60,7	107,7	47,5	88,8	4,2	52,7	56,0	60,0	62,6	65,1	67,0
Sáb 20/08/2022	58,3	105,3	26,0	83,3	5,3	48,6	54,7	57,5	59,8	62,3	64,4
Dom 21/08/2022	57,3	104,4	42,8	83,4	3,6	50,5	54,4	56,8	59,0	61,2	62,9
Lun 22/08/2022	59,6	106,7	46,6	92,3	3,6	52,2	55,6	58,4	60,5	62,7	64,5
Mar 23/08/2022	60,8	107,8	46,5	86,5	4,1	52,5	55,4	58,5	61,1	64,3	66,8
Mié 24/08/2022	59,6	106,6	47,5	88,2	3,8	52,7	55,8	58,9	61,6	64,2	65,8
Jue 25/08/2022	60,0	107,0	45,2	91,8	3,9	51,5	54,5	57,4	60,0	62,8	65,0
Vie 26/08/2022	61,8	108,8	47,3	93,3	4,6	52,0	55,0	58,7	61,7	65,3	68,7
Sáb 27/08/2022	59,8	106,8	46,9	88,8	3,6	52,8	55,3	58,2	60,6	63,1	65,1
Dom 28/08/2022	60,1	107,1	41,8	94,8	3,8	51,0	54,4	57,0	59,2	61,6	63,6
Lun 29/08/2022	60,4	107,5	44,6	90,8	4,2	51,6	55,4	58,7	61,1	63,7	65,7
Mar 30/08/2022	61,6	108,7	44,9	85,4	5,0	51,8	55,2	59,4	63,4	68,4	70,4
Mié 31/08/2022	60,2	107,2	38,8	94,1	5,5	46,3	53,3	56,9	59,6	62,5	65,0
Jue 01/09/2022											
Período	Noche0627_Ln (Ln)
Fragmentos de tiempo	Ln	21:01	07:00	K = 0 dBA	   	   	   	   	   	   	   
	Ln	SEL	Lmin	Lmax	StdDev	L90	L50	L20	L10	L5	L3
Día	dB	dB	dB	dB	dB	dB	dB	dB	dB	dB	dB
Dom 31/07/2022	56,3	96,6	38,6	80,1	5,2	44,4	49,5	53,3	57,4	60,7	62,9
Lun 01/08/2022	64,2	105,1	32,6	96,8	7,1	37,9	46,5	52,5	55,9	59,2	61,5
Mar 02/08/2022	60,3	102,1	32,3	85,3	7,5	37,0	46,1	52,6	55,8	58,9	61,3
Mié 03/08/2022	59,0	101,3	32,2	83,5	7,3	37,8	46,4	53,0	56,0	59,1	61,3
Jue 04/08/2022	58,8	101,2	31,8	84,6	7,5	37,3	47,7	53,4	56,6	59,5	61,6
Vie 05/08/2022	59,3	101,8	33,5	83,3	7,6	38,6	50,1	55,1	58,1	60,7	62,5
Sáb 06/08/2022	60,0	105,1	37,6	93,2	6,2	41,8	48,0	52,7	56,4	61,9	63,3
Dom 07/08/2022	65,6	106,2	34,7	96,7	5,7	40,4	45,6	49,9	53,1	57,0	60,2
Lun 08/08/2022	56,5	100,4	33,6	84,4	6,8	38,9	46,4	53,4	56,0	58,7	60,6
Mar 09/08/2022	58,0	100,5	30,3	80,9	7,3	37,5	48,1	53,6	56,5	59,1	61,1
Mié 10/08/2022	62,7	103,9	34,1	90,4	7,9	39,3	49,4	56,5	59,5	61,9	63,7
Jue 11/08/2022	59,1	101,5	36,4	82,9	6,2	41,4	48,4	53,8	56,7	59,7	61,8
Vie 12/08/2022	64,6	105,5	35,8	95,8	6,4	40,9	48,7	54,0	56,5	59,5	61,8
Sáb 13/08/2022	59,2	102,1	33,0	95,5	6,5	38,2	46,6	52,0	54,3	56,4	58,5
Dom 14/08/2022	58,1	100,8	36,0	82,7	5,5	41,8	47,3	52,4	55,2	58,0	60,2
Lun 15/08/2022	63,0	104,1	33,1	94,6	6,1	38,3	44,8	49,7	52,6	56,3	59,3
Mar 16/08/2022	63,2	104,8	35,7	95,7	6,3	40,5	46,0	52,3	55,5	58,8	61,3
Mié 17/08/2022	67,6	108,6	32,3	100,2	7,3	36,2	45,4	51,4	53,9	56,9	59,5
Jue 18/08/2022	66,9	107,7	36,0	99,5	6,5	40,3	48,1	53,6	56,3	59,1	61,2
Vie 19/08/2022	59,5	102,8	34,2	84,7	7,2	39,2	48,9	54,0	57,0	59,9	62,6
Sáb 20/08/2022	61,6	105,6	37,3	97,5	5,5	41,9	47,3	51,7	54,9	58,5	60,6
Dom 21/08/2022	59,6	101,0	37,3	86,4	5,2	41,9	46,5	50,6	53,6	57,6	60,6
Lun 22/08/2022	62,2	103,4	33,6	95,0	7,2	37,0	47,1	52,7	55,4	58,1	60,2
Mar 23/08/2022	62,7	104,3	33,0	91,3	7,1	39,0	47,1	53,3	56,5	59,9	62,4
Mié 24/08/2022	59,4	101,8	32,8	87,3	7,2	38,4	47,2	53,4	56,5	59,8	62,1
Jue 25/08/2022	66,3	107,0	34,0	99,6	6,5	39,5	47,3	53,0	55,7	58,5	60,8
Vie 26/08/2022	59,2	101,8	32,7	86,4	6,9	38,6	48,2	53,2	56,2	59,1	61,2
Sáb 27/08/2022	64,3	105,2	38,2	94,8	6,7	43,3	50,4	57,9	60,9	62,9	64,1
Dom 28/08/2022	58,2	101,3	35,6	84,5	4,8	45,3	50,1	53,9	56,9	59,8	61,8
Lun 29/08/2022	57,4	100,0	30,7	81,0	7,5	36,4	47,2	53,0	55,8	58,4	60,6
Mar 30/08/2022	63,0	104,3	33,2	92,5	7,2	38,2	46,5	52,9	56,0	59,0	61,4
Mié 31/08/2022	52,8	98,0	30,3	82,4	7,4	35,4	42,8	51,2	54,4	56,9	59,1
Jue 01/09/2022	51,6	98,7	17,4	79,4	12,9	20,7	40,0	51,7	54,9	57,5	59,4
