Archivo	EMRI_5.CMG
Localización	EMRI_5
Tipo de datos	Leq
Ponderación	A
Unidad	dB
Inicio	31/07/2022 0:00:00:000
Fin	02/09/2022 0:00:00:000
Período	Dia0627_Ld (Ld)
Fragmentos de tiempo	Ld	07:01	21:00	K = 0 dBA	   	   	   	   	   	   	   
	Ld	SEL	Lmin	Lmax	StdDev	L90	L50	L20	L10	L5	L3
Día	dB	dB	dB	dB	dB	dB	dB	dB	dB	dB	dB
Dom 31/07/2022	57,3	95,8	37,3	75,5	7,6	40,1	44,6	53,6	58,0	62,8	66,7
Lun 01/08/2022	56,7	103,7	34,5	77,9	7,3	39,5	45,0	52,6	57,5	62,0	65,5
Mar 02/08/2022	57,4	104,4	34,3	77,7	7,4	40,1	46,7	54,5	58,9	62,9	66,0
Mié 03/08/2022	57,2	104,2	32,5	77,8	7,2	40,2	46,5	53,4	58,2	62,8	66,2
Jue 04/08/2022	56,9	103,9	35,7	83,1	6,8	41,2	46,5	53,2	57,7	62,1	65,2
Vie 05/08/2022	57,4	104,4	33,3	80,8	7,3	40,2	46,3	53,4	58,2	62,9	66,5
Sáb 06/08/2022	57,3	104,3	32,1	76,5	7,6	39,5	46,1	53,7	58,5	63,0	66,3
Dom 07/08/2022	56,6	103,6	30,5	81,8	7,9	37,5	44,7	52,7	57,4	61,7	65,1
Lun 08/08/2022	57,6	104,7	35,4	82,5	7,0	41,0	48,3	54,4	58,7	63,3	66,6
Mar 09/08/2022	57,3	104,3	36,0	85,8	7,1	40,7	46,1	53,3	58,2	63,0	66,4
Mié 10/08/2022	57,7	104,7	35,1	83,5	7,1	40,7	47,4	53,8	58,5	63,3	66,7
Jue 11/08/2022	57,5	104,5	35,3	77,4	7,3	40,8	48,1	55,5	59,4	63,1	66,0
Vie 12/08/2022	59,1	106,2	31,7	80,5	8,4	39,7	46,2	55,1	60,8	66,4	69,2
Sáb 13/08/2022	56,9	104,0	30,0	82,4	8,5	36,4	44,6	52,9	57,7	62,6	66,1
Dom 14/08/2022	57,2	104,2	26,5	88,5	9,1	34,4	43,3	52,9	58,1	63,6	66,2
Lun 15/08/2022	57,0	104,0	32,9	80,2	7,9	38,3	44,2	52,7	57,8	62,7	66,0
Mar 16/08/2022	67,4	114,4	32,8	87,4	10,8	39,3	46,6	57,3	68,2	73,9	76,9
Mié 17/08/2022	62,3	109,3	36,3	84,9	9,6	40,5	47,8	59,8	66,3	69,4	71,1
Jue 18/08/2022	56,8	103,8	32,4	77,0	8,0	38,7	45,6	55,0	58,3	62,7	65,6
Vie 19/08/2022	57,5	104,5	32,9	80,1	7,7	39,5	45,7	53,3	58,5	63,3	66,7
Sáb 20/08/2022	57,3	104,3	35,0	83,1	7,5	39,9	44,7	53,0	58,3	63,0	66,6
Dom 21/08/2022	57,1	104,1	31,1	83,9	8,5	36,2	43,1	52,0	57,4	62,4	66,2
Lun 22/08/2022	57,1	104,1	32,7	79,9	7,2	40,3	45,8	53,0	58,1	62,8	65,9
Mar 23/08/2022	57,8	104,8	33,9	83,8	7,5	40,2	45,9	53,7	58,9	63,2	66,6
Mié 24/08/2022	57,6	104,6	33,9	83,2	7,5	40,9	46,6	55,1	60,1	64,2	66,5
Jue 25/08/2022	56,6	103,6	33,9	78,5	7,5	39,0	44,9	52,8	57,6	61,9	65,1
Vie 26/08/2022	58,4	105,4	31,0	95,3	8,1	38,0	45,3	53,8	58,4	63,3	66,9
Sáb 27/08/2022	57,1	104,1	32,8	81,6	7,6	39,0	45,6	53,4	58,0	62,4	65,8
Dom 28/08/2022	57,5	104,5	29,5	85,7	8,8	36,1	44,1	53,7	58,8	62,9	66,0
Lun 29/08/2022	57,7	104,7	35,6	83,3	7,2	41,3	46,6	54,5	59,2	63,3	66,2
Mar 30/08/2022	56,7	103,7	32,7	78,8	7,2	39,8	46,8	53,5	57,9	62,1	65,1
Mié 31/08/2022	56,4	103,4	29,9	85,9	7,8	37,9	46,4	53,7	57,8	61,6	64,7
Jue 01/09/2022											
Período	Noche0627_Ln (Ln)
Fragmentos de tiempo	Ln	21:01	07:00	K = 0 dBA	   	   	   	   	   	   	   
	Ln	SEL	Lmin	Lmax	StdDev	L90	L50	L20	L10	L5	L3
Día	dB	dB	dB	dB	dB	dB	dB	dB	dB	dB	dB
Dom 31/07/2022	57,1	97,4	33,5	74,8	8,1	38,2	43,5	53,0	58,0	62,5	66,0
Lun 01/08/2022	56,5	100,0	33,6	75,4	7,6	36,5	41,6	49,8	55,2	59,1	62,0
Mar 02/08/2022	56,2	100,6	30,8	82,4	8,0	35,0	42,0	50,0	55,1	59,2	62,5
Mié 03/08/2022	56,4	101,0	33,6	78,2	7,5	37,6	42,6	50,6	55,9	60,1	63,4
Jue 04/08/2022	55,6	100,1	33,9	76,4	7,3	37,7	42,1	50,7	55,7	59,4	62,3
Vie 05/08/2022	56,8	100,4	34,6	81,0	7,0	38,3	42,9	49,8	55,2	59,4	62,6
Sáb 06/08/2022	56,7	101,7	35,6	77,9	7,3	38,8	44,5	52,7	56,3	60,5	63,9
Dom 07/08/2022	57,3	101,0	32,0	77,3	8,1	35,8	41,2	50,5	55,8	60,0	63,5
Lun 08/08/2022	55,9	99,9	32,0	80,0	7,8	35,1	42,2	49,9	54,7	58,6	61,5
Mar 09/08/2022	56,4	101,1	33,9	77,5	7,7	37,1	42,3	50,5	55,7	60,0	63,5
Mié 10/08/2022	57,0	100,7	31,5	78,4	7,9	35,3	41,4	49,7	55,1	59,6	63,0
Jue 11/08/2022	56,4	101,3	31,9	82,8	7,7	36,2	42,0	49,8	55,2	59,6	63,0
Vie 12/08/2022	56,1	101,3	33,3	81,8	7,4	37,3	42,4	49,7	55,4	59,5	63,1
Sáb 13/08/2022	56,5	101,3	30,9	79,4	7,9	35,5	42,3	49,4	55,3	59,3	63,5
Dom 14/08/2022	57,4	100,6	31,0	79,1	7,7	35,9	40,5	48,2	54,7	59,0	62,3
Lun 15/08/2022	56,3	100,1	31,5	80,7	7,7	35,3	41,0	48,9	54,6	58,7	61,6
Mar 16/08/2022	57,9	102,9	34,4	85,9	7,6	38,0	42,7	49,7	56,2	62,0	66,0
Mié 17/08/2022	61,2	105,8	32,7	94,9	8,1	37,2	43,2	50,4	56,5	62,2	66,2
Jue 18/08/2022	57,7	103,1	34,0	86,7	7,8	37,7	43,0	50,1	56,6	62,1	66,1
Vie 19/08/2022	58,0	103,3	32,5	82,4	8,1	37,4	41,1	49,4	56,3	62,1	66,4
Sáb 20/08/2022	57,5	102,9	33,3	81,7	7,9	36,4	42,6	49,2	56,0	61,9	66,0
Dom 21/08/2022	58,4	103,5	29,5	86,2	9,2	34,3	40,5	49,5	56,6	62,9	67,4
Lun 22/08/2022	59,6	104,4	26,2	90,7	9,9	29,9	40,1	48,5	55,7	62,0	66,3
Mar 23/08/2022	59,9	105,4	33,8	90,1	8,5	37,4	43,2	50,9	58,6	65,1	68,8
Mié 24/08/2022	61,1	105,6	31,6	93,5	8,6	36,0	42,0	49,8	57,0	63,1	67,4
Jue 25/08/2022	60,1	104,8	29,4	93,8	8,8	33,7	42,6	49,2	56,1	62,2	66,2
Vie 26/08/2022	61,9	106,8	32,6	91,6	8,4	36,5	43,0	49,9	56,8	62,9	67,1
Sáb 27/08/2022	59,8	104,5	34,5	87,5	7,7	38,4	42,7	49,3	56,4	62,9	67,2
Dom 28/08/2022	58,9	103,9	30,5	89,4	8,8	34,3	39,9	48,9	55,7	61,5	66,0
Lun 29/08/2022	58,8	103,7	28,9	88,0	9,0	32,8	42,2	49,8	56,3	62,0	66,4
Mar 30/08/2022	61,3	105,9	33,2	94,7	8,0	36,7	42,0	49,4	55,7	61,3	65,6
Mié 31/08/2022	60,2	104,9	30,8	91,6	8,4	35,8	40,5	49,6	55,7	61,5	65,5
Jue 01/09/2022	53,9	100,6	32,0	77,1	7,6	35,1	38,9	46,9	53,2	58,4	61,6
