Archivo	EMRI_3.CMG
Localización	EMRI_3
Tipo de datos	Leq
Ponderación	A
Unidad	dB
Inicio	31/07/2022 0:00:00:000
Fin	01/09/2022 0:00:00:000
Período	Dia0627_Ld (Ld)
Fragmentos de tiempo	Ld	07:01	21:00	K = 0 dBA	   	   	   	   	   	   	   
	Ld	SEL	Lmin	Lmax	StdDev	L90	L50	L20	L10	L5	L3
Día	dB	dB	dB	dB	dB	dB	dB	dB	dB	dB	dB
Dom 31/07/2022	61,6	100,2	49,2	84,5	3,8	54,3	56,5	59,5	62,4	65,1	67,5
Lun 01/08/2022	64,8	111,6	47,8	101,2	5,0	54,7	58,7	63,2	67,0	70,5	72,5
Mar 02/08/2022	64,8	111,5	32,0	102,6	6,7	51,4	58,2	62,7	66,0	69,2	71,4
Mié 03/08/2022	66,6	113,4	48,8	98,0	5,5	55,0	60,5	66,8	69,3	70,9	72,1
Jue 04/08/2022	66,8	113,6	47,9	105,1	4,8	55,0	59,1	63,2	66,5	70,1	72,2
Vie 05/08/2022	65,1	111,8	49,1	91,7	4,2	56,5	59,6	63,1	65,8	69,0	71,6
Sáb 06/08/2022	66,6	113,1	31,9	102,7	5,7	52,6	56,7	60,5	63,8	67,3	69,9
Dom 07/08/2022	62,9	109,5	47,5	93,0	4,7	53,2	56,4	60,5	64,2	67,7	70,3
Lun 08/08/2022	63,3	110,1	48,9	85,7	4,6	54,4	58,3	62,4	65,6	68,7	70,7
Mar 09/08/2022	66,7	113,4	49,0	105,1	4,6	54,7	58,2	62,2	65,4	68,8	71,0
Mié 10/08/2022	64,4	110,8	34,0	99,0	5,9	53,4	57,6	62,4	65,8	69,1	71,4
Jue 11/08/2022	66,6	113,2	49,9	104,9	4,6	54,8	58,3	62,4	65,7	69,2	71,5
Vie 12/08/2022	65,5	112,3	51,7	96,2	4,2	56,4	59,4	62,8	65,7	68,9	71,6
Sáb 13/08/2022	68,0	114,4	34,6	105,7	5,6	52,7	58,1	62,1	65,2	68,4	70,8
Dom 14/08/2022	63,3	110,0	30,4	103,3	5,8	52,2	56,5	60,3	63,5	66,8	69,3
Lun 15/08/2022	62,1	109,0	42,0	89,9	5,2	51,7	55,4	60,0	64,1	67,7	70,4
Mar 16/08/2022	64,7	111,6	48,4	91,4	4,6	54,7	58,6	62,1	65,2	68,7	71,2
Mié 17/08/2022	65,3	112,1	49,4	96,5	4,7	54,8	58,5	62,6	65,9	69,2	71,5
Jue 18/08/2022	66,2	113,2	48,6	102,3	4,6	54,7	58,7	62,5	65,4	68,7	71,2
Vie 19/08/2022	64,2	111,3	49,8	91,6	4,6	55,1	58,7	63,0	66,3	69,7	71,7
Sáb 20/08/2022	69,1	115,8	49,0	104,4	5,1	54,0	57,5	62,1	66,0	69,8	71,8
Dom 21/08/2022	62,1	108,8	45,9	86,5	4,7	52,5	56,2	60,2	63,6	67,0	69,6
Lun 22/08/2022	62,9	109,6	49,3	85,1	4,6	54,0	57,5	61,6	65,0	68,4	70,7
Mar 23/08/2022	64,1	111,0	48,0	89,3	4,5	54,6	58,4	62,0	65,1	68,0	70,1
Mié 24/08/2022	66,3	113,2	48,4	99,8	5,0	53,7	57,4	62,0	65,4	68,9	71,4
Jue 25/08/2022	64,9	111,1	6,5	99,0	19,1	6,6	57,8	61,6	64,9	68,2	70,8
Vie 26/08/2022	66,6	113,5	51,4	96,8	4,5	56,7	59,7	63,2	66,6	70,2	72,6
Sáb 27/08/2022	69,7	116,4	49,0	109,0	5,4	55,2	60,5	66,1	68,9	71,2	72,8
Dom 28/08/2022	61,6	108,4	45,9	87,6	4,8	52,1	55,4	59,5	63,3	66,9	69,2
Lun 29/08/2022	64,1	110,8	48,9	90,2	4,8	54,5	58,3	63,0	66,5	69,5	71,6
Mar 30/08/2022	65,8	112,6	49,4	102,5	4,6	54,9	58,5	62,2	65,5	69,0	71,3
Mié 31/08/2022	66,2	113,0	51,0	98,7	4,6	55,7	58,8	62,3	65,7	69,4	72,1
Período	Noche0627_Ln (Ln)
Fragmentos de tiempo	Ln	21:01	07:00	K = 0 dBA	   	   	   	   	   	   	   
	Ln	SEL	Lmin	Lmax	StdDev	L90	L50	L20	L10	L5	L3
Día	dB	dB	dB	dB	dB	dB	dB	dB	dB	dB	dB
Dom 31/07/2022	59,9	100,2	46,3	79,9	4,4	51,5	55,3	59,5	62,5	64,7	66,4
Lun 01/08/2022	57,6	100,0	33,5	79,9	4,9	45,8	51,7	55,2	57,6	60,0	61,7
Mar 02/08/2022	64,1	105,2	24,8	95,7	9,4	35,0	53,7	57,6	59,8	62,2	64,3
Mié 03/08/2022	60,4	102,3	43,0	81,8	4,6	48,4	53,9	57,3	59,8	62,5	64,4
Jue 04/08/2022	59,9	104,5	43,8	82,3	4,5	49,9	55,0	58,6	60,8	63,3	65,4
Vie 05/08/2022	65,0	106,2	42,5	96,8	5,0	49,0	55,3	59,3	61,5	63,9	65,5
Sáb 06/08/2022	67,7	110,4	45,4	102,2	4,9	49,5	53,2	57,1	60,1	63,2	65,6
Dom 07/08/2022	60,4	103,2	41,0	88,4	4,6	48,6	53,3	56,7	59,2	62,4	64,4
Lun 08/08/2022	59,6	102,0	40,2	84,5	4,8	47,1	53,2	56,5	58,6	61,3	63,5
Mar 09/08/2022	64,1	106,7	44,7	96,7	4,6	49,8	55,3	58,9	61,1	63,6	65,4
Mié 10/08/2022	60,0	101,2	40,8	82,3	5,4	46,2	52,4	56,6	59,5	62,8	65,0
Jue 11/08/2022	61,0	103,5	42,2	84,9	4,8	47,9	53,9	57,3	59,7	62,2	64,3
Vie 12/08/2022	65,0	105,9	39,7	96,8	5,2	47,7	54,9	58,2	60,4	63,0	64,7
Sáb 13/08/2022	59,0	101,6	43,2	90,2	4,4	49,1	53,8	57,3	60,1	62,5	64,3
Dom 14/08/2022	64,2	105,3	38,8	98,1	6,0	45,4	51,4	57,8	60,8	63,0	64,4
Lun 15/08/2022	59,8	101,1	37,1	81,8	5,2	46,0	52,4	56,1	58,7	61,5	63,4
Mar 16/08/2022	61,4	103,1	40,5	92,5	4,3	48,4	53,3	56,6	58,5	60,6	62,6
Mié 17/08/2022	60,5	101,0	32,9	80,3	8,1	38,3	45,5	55,2	58,1	61,4	63,5
Jue 18/08/2022	59,9	105,0	44,2	82,6	4,5	50,4	55,3	58,9	61,2	63,6	65,6
Vie 19/08/2022	65,0	107,4	43,8	95,8	4,5	50,6	55,7	59,0	61,1	63,3	65,1
Sáb 20/08/2022	62,4	104,9	41,3	90,9	4,9	47,7	52,9	56,6	59,1	62,1	64,0
Dom 21/08/2022	64,9	105,8	41,4	97,1	4,4	48,8	53,1	56,2	58,8	61,9	63,8
Lun 22/08/2022	59,9	103,1	40,0	81,1	5,2	46,9	53,6	57,3	59,7	62,5	64,6
Mar 23/08/2022	59,7	101,3	39,5	81,9	5,1	46,6	52,9	57,0	59,8	62,2	63,8
Mié 24/08/2022	59,5	101,3	40,6	79,6	4,6	47,8	52,8	56,2	58,7	61,6	63,7
Jue 25/08/2022	60,1	104,3	39,3	86,7	5,2	47,2	54,1	57,5	59,9	62,8	64,9
Vie 26/08/2022	60,9	102,6	42,9	80,6	4,4	49,6	55,1	58,5	60,6	62,9	64,4
Sáb 27/08/2022	60,1	101,8	45,0	83,5	4,3	51,1	54,7	58,2	61,3	64,1	66,1
Dom 28/08/2022	63,5	104,4	41,6	96,2	4,6	47,7	52,1	55,5	58,5	61,7	63,5
Lun 29/08/2022	60,0	101,6	36,9	87,7	5,5	45,6	52,4	56,7	59,0	61,9	63,9
Mar 30/08/2022	64,9	105,7	40,2	96,3	5,1	47,7	53,6	57,3	59,7	62,2	64,3
Mié 31/08/2022	60,7	101,4	42,7	81,4	4,7	48,5	53,9	57,5	59,9	62,5	64,4
