Archivo	20220801_000000_165959_1.CMG
Localización	EMRI_20
Tipo de datos	Slow
Ponderación	A
Unidad	dB
Inicio	31/07/2022 0:00:00:000
Fin	02/09/2022 0:00:00:000
Período	Dia0627_Ld (Ld)
Fragmentos de tiempo	Ld	07:01	21:00	K = 0 dBA	   	   	   	   	   	   	   
	Ld	SEL	Lmin	Lmax	StdDev	L90	L50	L20	L10	L5	L3
Día	dB	dB	dB	dB	dB	dB	dB	dB	dB	dB	dB
Dom 31/07/2022	66,6	105,2	45,2	82,8	6,9	50,8	63,5	66,6	68,4	71,3	73,9
Lun 01/08/2022	67,4	114,4	43,5	88,6	6,6	53,9	62,7	68,0	70,4	72,6	74,3
Mar 02/08/2022	68,6	115,6	43,9	94,7	6,2	55,0	63,9	68,1	70,6	73,3	75,3
Mié 03/08/2022	67,6	114,6	40,5	93,6	6,2	54,5	61,4	66,3	69,2	72,5	74,9
Jue 04/08/2022	68,3	115,3	46,9	88,7	6,3	54,7	64,0	68,4	70,8	73,4	75,4
Vie 05/08/2022	67,2	114,2	43,7	88,4	6,5	53,5	61,2	66,5	69,8	73,1	75,3
Sáb 06/08/2022	67,1	114,1	45,9	87,7	6,3	53,2	60,7	66,4	69,4	72,6	75,0
Dom 07/08/2022	67,4	114,4	45,3	90,6	6,7	52,5	60,4	66,2	69,1	72,4	75,2
Lun 08/08/2022	67,6	114,6	43,9	91,6	5,7	56,2	63,9	67,8	69,8	72,1	74,3
Mar 09/08/2022	67,1	114,1	40,8	89,3	6,5	53,2	61,9	66,8	69,4	72,5	75,0
Mié 10/08/2022	67,2	114,2	44,4	87,5	5,9	55,5	63,2	67,7	70,2	72,5	74,1
Jue 11/08/2022	67,4	114,4	47,1	90,7	5,5	55,9	62,9	66,9	69,2	72,1	74,5
Vie 12/08/2022	66,7	113,8	42,8	86,6	6,3	53,9	61,4	66,8	69,3	72,2	74,1
Sáb 13/08/2022	66,2	113,2	40,4	92,6	6,3	53,1	60,0	65,6	68,3	71,0	73,1
Dom 14/08/2022	65,6	112,7	44,1	89,0	6,5	50,9	58,7	64,3	67,2	70,2	73,2
Lun 15/08/2022	66,9	113,9	45,2	92,6	6,0	54,0	61,0	66,5	69,2	72,1	74,2
Mar 16/08/2022	66,9	113,9	41,2	90,2	6,6	52,9	59,4	66,1	69,1	71,9	74,4
Mié 17/08/2022	67,7	114,7	46,5	87,3	6,1	54,6	62,2	67,3	70,4	73,4	75,8
Jue 18/08/2022	67,1	114,1	42,3	91,9	6,4	53,2	60,1	66,3	68,8	71,8	74,4
Vie 19/08/2022	68,3	115,3	45,9	90,9	6,1	55,4	63,5	68,1	70,9	73,5	75,5
Sáb 20/08/2022	67,1	114,1	44,9	90,9	6,0	54,5	62,0	66,6	69,3	71,9	74,1
Dom 21/08/2022	66,4	113,4	37,6	86,0	7,0	52,0	60,8	66,4	69,1	72,0	73,9
Lun 22/08/2022	67,4	114,4	46,3	89,1	5,7	55,3	63,2	67,7	70,0	72,0	73,7
Mar 23/08/2022	66,6	113,6	44,0	87,9	6,3	54,0	61,7	66,7	69,1	72,0	74,0
Mié 24/08/2022	67,6	114,6	45,9	88,9	5,2	57,1	63,4	67,8	70,1	72,5	74,4
Jue 25/08/2022	67,4	114,4	41,1	90,0	6,8	52,8	60,9	66,7	69,9	72,7	74,7
Vie 26/08/2022	66,5	113,5	42,0	91,7	6,4	52,6	58,8	65,0	68,5	71,6	74,5
Sáb 27/08/2022	67,1	114,1	41,4	90,9	6,3	53,6	61,4	66,7	69,2	71,6	73,7
Dom 28/08/2022	66,9	113,9	44,1	92,0	6,8	51,4	59,5	65,8	68,4	71,3	73,4
Lun 29/08/2022	68,2	115,2	46,0	89,2	6,1	55,4	63,2	67,7	70,6	74,2	76,6
Mar 30/08/2022	66,5	113,5	45,2	89,4	5,9	54,1	60,4	65,8	68,7	71,4	73,7
Mié 31/08/2022	66,2	113,2	45,9	88,4	5,8	54,2	60,1	65,7	68,7	71,4	73,6
Jue 01/09/2022	69,2	111,7	50,9	92,0	5,4	57,3	64,1	68,0	70,6	73,6	76,1
Período	Noche0627_Ln (Ln)
Fragmentos de tiempo	Ln	21:01	07:00	K = 0 dBA	   	   	   	   	   	   	   
	Ln	SEL	Lmin	Lmax	StdDev	L90	L50	L20	L10	L5	L3
Día	dB	dB	dB	dB	dB	dB	dB	dB	dB	dB	dB
Dom 31/07/2022	68,6	108,9	45,9	86,2	6,2	55,2	63,8	67,2	70,1	74,0	76,5
Lun 01/08/2022	69,4	111,9	38,2	91,2	9,8	42,0	51,3	63,0	67,0	70,4	73,8
Mar 02/08/2022	69,8	111,8	34,5	90,8	11,2	38,4	49,6	63,2	66,8	70,2	73,7
Mié 03/08/2022	69,2	112,0	38,3	89,4	10,3	42,8	52,9	65,6	68,6	71,1	73,9
Jue 04/08/2022	68,4	111,3	34,8	87,5	11,3	38,9	50,7	64,5	67,8	70,8	73,5
Vie 05/08/2022	70,4	113,2	37,1	90,1	10,8	41,7	53,9	65,8	69,0	72,2	74,6
Sáb 06/08/2022	66,7	110,7	40,0	87,4	8,5	45,7	55,7	64,0	67,6	70,9	72,9
Dom 07/08/2022	70,1	111,5	34,9	91,9	10,5	39,1	49,4	61,7	66,3	69,6	73,1
Lun 08/08/2022	67,6	111,1	36,1	92,7	10,0	40,1	50,6	61,6	65,8	69,4	72,4
Mar 09/08/2022	67,4	110,4	37,0	88,4	10,3	40,6	50,8	63,5	66,9	69,8	72,8
Mié 10/08/2022	67,8	110,9	37,8	88,0	10,3	41,8	52,7	65,1	68,2	70,7	72,9
Jue 11/08/2022	67,4	110,9	40,4	88,4	8,6	45,2	53,5	63,5	67,1	70,4	73,2
Vie 12/08/2022	68,9	111,2	36,3	91,6	10,7	40,0	51,5	63,7	67,2	69,9	72,3
Sáb 13/08/2022	66,5	109,8	35,7	87,8	10,0	39,3	51,1	62,4	66,4	69,4	71,8
Dom 14/08/2022	67,4	109,9	31,6	91,0	10,4	38,6	50,4	60,3	65,1	68,7	72,1
Lun 15/08/2022	68,5	110,4	35,3	90,9	9,3	41,2	50,8	61,3	65,6	68,7	71,6
Mar 16/08/2022	68,9	114,0	37,4	96,9	9,5	44,0	52,9	63,2	67,6	71,8	75,1
Mié 17/08/2022	70,1	113,9	37,7	92,8	10,2	43,1	54,2	65,2	69,0	73,2	76,4
Jue 18/08/2022	69,3	113,2	38,3	92,2	10,4	42,7	53,3	65,4	69,4	72,4	74,9
Vie 19/08/2022	67,7	112,3	38,3	94,4	10,1	41,7	54,4	64,6	68,3	71,5	74,1
Sáb 20/08/2022	69,4	112,5	40,5	89,5	9,4	43,9	55,2	65,2	68,0	71,2	74,6
Dom 21/08/2022	66,7	110,8	37,6	89,2	9,9	41,1	51,3	62,8	66,3	69,9	73,1
Lun 22/08/2022	66,9	110,6	32,9	91,4	11,0	36,5	50,0	60,7	65,0	68,6	71,9
Mar 23/08/2022	69,9	113,3	38,1	90,8	10,8	42,2	56,1	66,6	69,6	72,5	75,0
Mié 24/08/2022	67,5	112,0	36,2	87,1	10,3	42,9	54,6	65,8	68,7	71,9	74,3
Jue 25/08/2022	69,1	112,3	36,4	92,1	10,1	42,6	52,5	64,9	68,5	71,5	74,1
Vie 26/08/2022	69,2	113,0	36,6	91,8	11,3	39,8	52,7	65,4	68,6	71,7	74,6
Sáb 27/08/2022	67,2	112,7	38,8	91,8	9,9	43,4	53,4	65,0	69,4	72,2	74,8
Dom 28/08/2022	66,9	110,6	38,5	87,4	9,1	42,9	51,5	61,8	65,8	69,6	73,2
Lun 29/08/2022	66,6	110,4	35,4	88,6	10,0	39,2	51,0	60,7	64,9	69,5	72,6
Mar 30/08/2022	69,0	112,2	36,7	94,0	10,8	39,2	52,4	63,3	66,9	70,2	73,7
Mié 31/08/2022	66,5	111,8	34,9	94,7	11,2	38,4	51,0	63,6	66,9	70,1	73,4
Jue 01/09/2022	63,6	110,6	35,0	89,1	11,0	37,4	44,4	59,7	66,2	69,5	71,5
