Archivo	EMRI_2.CMG
Localización	EMRI_2
Tipo de datos	Leq
Ponderación	A
Unidad	dB
Inicio	02/08/2022 0:00:00:000
Fin	02/09/2022 0:00:00:000
Período	Dia0627_Ld (Ld)
Fragmentos de tiempo	Ld	07:01	21:00	K = 0 dBA	   	   	   	   	   	   	   
	Ld	SEL	Lmin	Lmax	StdDev	L90	L50	L20	L10	L5	L3
Día	dB	dB	dB	dB	dB	dB	dB	dB	dB	dB	dB
Mar 02/08/2022	67,7	111,1	44,3	102,0	6,0	50,6	56,4	61,7	65,2	68,9	71,0
Mié 03/08/2022	66,0	113,0	42,1	103,3	6,2	51,3	57,0	62,7	67,2	70,5	72,0
Jue 04/08/2022	66,4	113,4	43,1	104,6	5,7	51,0	56,3	61,5	64,8	68,4	70,8
Vie 05/08/2022	64,8	111,8	45,2	95,8	5,8	51,0	56,4	61,4	64,9	68,7	71,2
Sáb 06/08/2022	63,6	110,6	44,0	89,7	5,7	50,8	56,2	61,3	64,7	68,2	70,5
Dom 07/08/2022	63,6	110,6	38,7	97,3	6,0	49,0	54,8	59,4	62,9	67,0	69,7
Lun 08/08/2022	64,7	111,7	44,3	101,0	5,5	51,7	56,9	61,9	65,1	68,5	70,8
Mar 09/08/2022	63,6	110,6	43,7	88,9	5,7	51,5	56,7	62,1	65,5	69,0	71,1
Mié 10/08/2022	64,7	111,7	45,9	91,9	5,7	52,1	57,7	63,0	66,2	69,6	71,9
Jue 11/08/2022	66,2	113,2	44,3	101,8	5,6	51,8	56,8	61,8	65,2	68,8	71,2
Vie 12/08/2022	64,9	111,9	41,9	94,0	6,4	50,1	56,4	62,1	66,0	69,8	72,2
Sáb 13/08/2022	64,6	111,6	41,4	93,6	6,4	49,1	55,4	61,2	64,8	68,6	71,3
Dom 14/08/2022	61,8	108,9	38,7	90,9	6,4	46,9	53,1	58,6	62,8	66,6	69,4
Lun 15/08/2022	66,4	113,4	39,5	106,2	6,2	47,9	54,2	59,2	63,0	67,0	69,9
Mar 16/08/2022	66,2	113,2	43,5	102,1	6,3	49,7	56,0	61,6	65,2	68,7	71,2
Mié 17/08/2022	63,8	110,8	45,9	90,6	5,2	52,3	57,0	61,5	64,8	68,4	70,7
Jue 18/08/2022	65,3	112,3	44,2	98,7	6,0	50,1	55,5	60,9	64,6	68,3	70,8
Vie 19/08/2022	63,9	110,9	45,7	93,1	5,5	51,6	56,4	61,3	65,0	68,7	70,9
Sáb 20/08/2022	65,1	112,1	43,4	94,5	6,1	51,3	56,9	63,4	66,9	69,1	71,2
Dom 21/08/2022	62,2	109,2	39,1	90,5	6,4	47,5	53,3	58,8	62,8	67,1	69,7
Lun 22/08/2022	65,1	112,1	44,6	98,7	5,7	51,3	56,7	61,9	65,4	68,7	71,0
Mar 23/08/2022	64,8	111,8	44,4	92,5	6,1	50,2	55,7	61,1	64,9	68,9	71,6
Mié 24/08/2022	64,8	111,8	45,6	94,4	6,0	51,2	56,7	62,8	66,5	69,2	71,2
Jue 25/08/2022	66,2	113,2	44,0	100,9	6,2	50,9	57,6	63,4	66,5	69,6	71,7
Vie 26/08/2022	65,9	112,9	43,5	93,9	6,6	50,4	57,2	63,2	67,1	70,3	72,5
Sáb 27/08/2022	64,7	111,7	42,5	94,9	6,2	50,4	56,6	62,0	65,9	69,2	71,5
Dom 28/08/2022	66,9	113,9	39,6	103,1	6,3	48,1	54,2	59,1	63,0	67,3	70,2
Lun 29/08/2022	73,5	106,0	47,4	93,8	6,8	50,7	55,8	62,5	67,1	69,9	71,5
Mar 30/08/2022											
Mié 31/08/2022	64,1	110,0	41,8	90,9	6,0	50,4	56,2	61,7	65,1	68,6	71,1
Jue 01/09/2022	68,7	104,2	44,6	91,8	7,1	50,0	57,0	62,8	67,2	71,9	74,1
Período	Noche0627_Ln (Ln)
Fragmentos de tiempo	Ln	21:01	07:00	K = 0 dBA	   	   	   	   	   	   	   
	Ln	SEL	Lmin	Lmax	StdDev	L90	L50	L20	L10	L5	L3
Día	dB	dB	dB	dB	dB	dB	dB	dB	dB	dB	dB
Mar 02/08/2022	65,7	106,0	40,1	93,1	8,2	43,1	48,3	56,6	62,3	68,3	71,8
Mié 03/08/2022	64,1	106,2	30,8	88,9	9,2	36,2	44,5	54,4	59,1	63,3	66,8
Jue 04/08/2022	63,6	106,0	31,7	86,2	9,2	36,6	45,1	54,7	58,9	63,1	66,9
Vie 05/08/2022	63,5	106,3	31,6	84,3	9,5	36,0	47,0	55,4	59,6	63,8	67,6
Sáb 06/08/2022	62,4	105,8	38,6	85,0	6,3	45,8	51,4	57,5	61,6	64,6	67,0
Dom 07/08/2022	69,2	110,0	34,2	103,0	7,7	38,7	44,4	51,2	56,4	61,6	66,2
Lun 08/08/2022	62,0	105,4	33,8	90,2	8,1	38,7	44,8	54,0	58,4	62,0	65,3
Mar 09/08/2022	62,6	104,8	31,7	86,6	8,6	36,6	46,1	54,3	58,8	62,9	66,1
Mié 10/08/2022	64,4	106,3	31,9	90,0	8,5	38,0	46,0	54,3	58,8	63,1	66,5
Jue 11/08/2022	63,7	106,0	35,5	88,0	8,2	39,3	45,6	55,0	59,5	63,3	66,6
Vie 12/08/2022	69,4	110,2	32,5	102,4	8,9	37,6	46,6	55,1	59,6	63,6	67,0
Sáb 13/08/2022	65,5	107,3	36,7	94,8	6,7	42,2	48,1	54,1	58,2	62,2	65,5
Dom 14/08/2022	63,7	106,5	32,5	91,3	7,6	38,6	44,3	51,4	56,6	61,1	65,4
Lun 15/08/2022	69,9	110,7	31,8	103,1	7,8	37,1	42,5	49,9	55,3	60,2	64,4
Mar 16/08/2022	70,5	111,7	33,9	103,4	8,6	38,1	44,3	54,0	59,0	63,2	66,5
Mié 17/08/2022	70,3	111,3	34,8	103,3	7,9	39,3	47,2	54,6	58,9	63,0	66,5
Jue 18/08/2022	70,2	110,9	34,1	103,1	8,2	38,8	45,5	54,3	58,7	62,6	65,9
Vie 19/08/2022	64,5	107,1	32,5	86,7	9,4	36,9	47,8	56,0	59,8	63,9	67,6
Sáb 20/08/2022	66,9	108,3	38,2	97,3	6,7	43,2	49,1	55,6	58,9	62,9	66,6
Dom 21/08/2022	63,7	105,4	33,6	88,1	7,5	39,4	43,9	51,5	57,0	61,8	65,8
Lun 22/08/2022	67,1	108,2	30,2	98,6	9,2	34,8	43,6	52,9	57,6	61,8	65,4
Mar 23/08/2022	67,4	109,6	29,8	96,5	9,6	36,2	44,6	55,2	59,9	64,2	68,0
Mié 24/08/2022	65,0	106,9	29,6	94,2	9,5	35,0	44,1	53,6	59,1	63,9	67,7
Jue 25/08/2022	70,2	110,9	29,8	104,3	8,8	37,5	45,2	55,0	59,4	62,9	66,1
Vie 26/08/2022	63,5	106,1	31,4	90,3	9,0	36,4	45,1	54,4	58,9	62,8	66,4
Sáb 27/08/2022	65,2	106,9	38,4	95,2	7,0	41,5	46,5	53,0	57,8	62,2	66,0
Dom 28/08/2022	58,5	102,5	30,6	95,1	6,5	38,6	43,9	49,1	53,6	58,2	61,0
Lun 29/08/2022											
Mar 30/08/2022											
Mié 31/08/2022	68,7	109,0	38,3	101,1	7,9	42,6	48,8	56,1	61,2	66,9	70,6
Jue 01/09/2022	56,6	103,6	30,4	83,3	8,7	35,9	41,2	52,9	58,0	61,3	63,7
