Archivo	EMRI_21.CMG
Localización	EMRI_21
Tipo de datos	Leq
Ponderación	A
Unidad	dB
Inicio	31/07/2022 0:00:00:000
Fin	02/09/2022 0:00:00:000
Período	Dia0627_Ld (Ld)
Fragmentos de tiempo	Ld	07:01	21:00	K = 0 dBA	   	   	   	   	   	   	   
	Ld	SEL	Lmin	Lmax	StdDev	L90	L50	L20	L10	L5	L3
Día	dB	dB	dB	dB	dB	dB	dB	dB	dB	dB	dB
Dom 31/07/2022	66,7	105,3	48,3	95,1	5,5	51,0	53,8	58,2	62,2	66,0	69,6
Lun 01/08/2022	67,8	114,9	45,4	107,5	6,0	51,9	56,2	60,8	65,2	69,8	73,8
Mar 02/08/2022	68,4	115,5	23,5	102,9	9,9	37,0	55,4	59,4	63,7	68,7	73,2
Mié 03/08/2022	68,3	115,4	49,2	101,2	6,0	52,9	56,4	61,4	65,7	70,8	75,1
Jue 04/08/2022	67,4	114,4	48,8	101,3	5,7	52,9	56,2	60,8	65,2	70,0	74,4
Vie 05/08/2022	68,0	115,0	49,9	98,5	5,5	53,4	56,8	61,0	64,8	69,4	73,9
Sáb 06/08/2022	67,1	114,1	28,2	101,8	7,2	49,9	54,9	59,6	64,1	69,1	73,3
Dom 07/08/2022	67,6	114,6	45,4	101,1	6,5	50,3	54,1	60,0	64,8	69,9	74,2
Lun 08/08/2022	66,6	113,6	48,7	91,7	6,0	52,9	56,8	62,5	66,8	71,2	74,5
Mar 09/08/2022	67,1	114,1	48,9	96,5	5,7	52,9	56,0	60,3	64,8	70,1	74,6
Mié 10/08/2022	67,5	114,5	27,1	96,3	9,5	42,8	55,8	61,9	66,7	71,6	75,0
Jue 11/08/2022	69,2	116,2	48,9	104,5	5,9	52,8	55,7	60,4	65,2	70,6	75,1
Vie 12/08/2022	67,9	114,9	28,5	99,8	9,6	39,8	55,1	59,8	63,6	67,9	71,7
Sáb 13/08/2022	68,7	115,7	24,8	103,0	11,7	31,2	52,0	58,0	62,5	67,7	72,1
Dom 14/08/2022	66,7	113,7	20,6	99,7	10,5	35,3	51,7	57,7	62,6	67,4	72,2
Lun 15/08/2022	66,8	113,8	23,9	93,8	9,1	49,0	54,0	60,0	65,0	70,0	74,1
Mar 16/08/2022	67,6	114,6	45,9	97,2	5,8	52,3	55,8	60,0	64,2	68,9	73,2
Mié 17/08/2022	69,0	116,0	49,6	103,3	5,9	53,3	56,8	62,0	66,4	71,3	75,2
Jue 18/08/2022	67,4	114,5	46,9	101,6	5,7	52,3	56,3	60,6	64,6	69,4	73,7
Vie 19/08/2022	67,9	114,9	49,3	100,0	5,7	53,3	56,4	61,0	65,6	70,7	74,4
Sáb 20/08/2022	70,4	117,4	23,8	104,6	8,7	51,9	55,9	60,5	65,1	70,2	74,7
Dom 21/08/2022	67,1	114,1	44,8	96,4	6,3	50,5	54,8	59,5	64,3	69,5	73,9
Lun 22/08/2022	66,8	113,8	48,7	94,5	5,8	52,7	55,9	60,8	65,3	70,3	74,4
Mar 23/08/2022	65,5	112,5	47,9	96,8	5,1	52,7	56,3	60,1	63,5	67,4	71,1
Mié 24/08/2022	69,3	116,3	48,5	104,5	6,0	52,8	56,0	60,7	65,7	71,0	74,9
Jue 25/08/2022	68,7	115,7	48,5	104,7	5,9	52,6	55,6	60,0	64,8	70,2	74,7
Vie 26/08/2022	72,2	119,2	24,7	109,2	11,8	31,7	56,3	60,3	63,7	67,8	71,9
Sáb 27/08/2022	70,2	117,2	49,3	103,1	5,9	53,3	56,0	60,6	65,3	70,4	74,8
Dom 28/08/2022	65,9	112,9	44,6	94,2	6,6	49,0	52,8	58,4	64,0	69,2	73,3
Lun 29/08/2022	67,1	114,1	48,7	95,4	5,8	52,9	56,3	60,6	65,2	70,2	74,5
Mar 30/08/2022	67,0	114,1	49,4	99,4	5,5	53,3	56,6	60,6	64,9	69,6	73,6
Mié 31/08/2022	68,3	115,4	47,0	103,0	5,8	52,8	56,5	60,6	64,9	70,6	74,8
Jue 01/09/2022											
Período	Noche0627_Ln (Ln)
Fragmentos de tiempo	Ln	21:01	07:00	K = 0 dBA	   	   	   	   	   	   	   
	Ln	SEL	Lmin	Lmax	StdDev	L90	L50	L20	L10	L5	L3
Día	dB	dB	dB	dB	dB	dB	dB	dB	dB	dB	dB
Dom 31/07/2022	62,3	102,6	45,7	87,4	5,3	49,3	52,9	56,9	61,4	65,4	67,6
Lun 01/08/2022	62,6	107,6	25,0	91,6	9,0	32,7	49,7	54,8	57,1	59,8	62,9
Mar 02/08/2022	66,5	109,5	21,1	99,0	12,5	26,1	52,9	56,8	59,6	63,5	66,3
Mié 03/08/2022	63,0	108,5	47,2	91,2	4,8	50,4	54,6	58,1	61,0	64,1	66,6
Jue 04/08/2022	61,6	107,1	47,8	88,7	4,4	50,5	53,9	57,1	59,4	62,6	65,6
Vie 05/08/2022	67,2	110,3	45,4	102,4	5,0	49,6	54,0	57,1	59,8	64,2	66,8
Sáb 06/08/2022	68,7	113,3	46,0	101,2	5,2	48,7	51,4	55,0	58,1	62,8	66,8
Dom 07/08/2022	62,9	107,9	46,0	95,7	4,6	50,1	53,5	56,4	59,6	63,4	65,8
Lun 08/08/2022	63,4	108,7	47,0	96,8	4,7	49,9	53,3	56,7	59,2	62,9	65,8
Mar 09/08/2022	66,6	109,3	45,8	101,1	5,1	49,1	53,6	57,5	60,5	63,9	66,4
Mié 10/08/2022	61,6	107,1	42,7	91,0	5,4	46,8	51,4	55,7	58,8	62,5	65,4
Jue 11/08/2022	64,7	108,1	44,4	94,2	5,2	47,4	52,5	56,0	58,7	62,0	65,1
Vie 12/08/2022	66,9	109,7	43,7	100,5	5,7	46,6	53,9	56,9	60,4	64,3	66,9
Sáb 13/08/2022	60,9	105,7	33,2	98,2	5,5	46,2	49,5	53,8	58,2	61,5	63,5
Dom 14/08/2022	65,2	107,1	43,9	97,7	4,8	46,9	50,4	53,5	56,2	61,0	64,4
Lun 15/08/2022	63,7	108,9	42,4	96,8	5,0	48,0	52,5	56,0	58,5	62,0	65,3
Mar 16/08/2022	62,4	107,8	26,6	94,3	7,3	47,8	52,8	56,8	59,3	62,5	65,5
Mié 17/08/2022	64,3	107,4	22,5	91,8	12,8	26,6	31,8	53,6	56,6	59,5	62,9
Jue 18/08/2022	63,1	108,3	47,9	94,6	4,6	51,1	54,3	57,6	60,9	64,5	67,1
Vie 19/08/2022	67,4	108,9	47,1	99,5	4,4	50,4	54,1	57,5	59,7	63,3	65,9
Sáb 20/08/2022	65,7	111,1	20,8	100,6	12,3	27,2	44,6	53,9	56,5	59,9	63,4
Dom 21/08/2022	68,2	110,2	42,6	101,8	5,2	47,7	51,4	54,5	58,1	63,1	66,2
Lun 22/08/2022	62,8	108,1	42,7	91,4	5,3	47,2	51,0	55,0	58,2	62,2	65,5
Mar 23/08/2022	62,3	107,0	42,8	92,4	5,5	47,2	53,0	57,2	60,4	63,9	66,2
Mié 24/08/2022	61,3	104,2	43,5	86,1	4,7	48,1	52,5	56,3	58,8	62,4	64,9
Jue 25/08/2022	63,1	107,9	42,6	92,0	5,7	46,0	51,7	55,7	58,7	62,4	65,5
Vie 26/08/2022	62,3	107,8	46,9	89,5	4,8	50,6	54,8	58,6	61,6	65,0	67,2
Sáb 27/08/2022	63,2	108,5	47,1	92,5	4,9	50,7	54,1	57,9	60,8	64,9	67,7
Dom 28/08/2022	66,4	109,4	43,7	100,2	5,2	47,1	50,4	54,6	57,2	61,1	64,9
Lun 29/08/2022	62,6	107,8	41,0	92,3	5,6	45,7	51,8	55,9	58,5	62,6	65,4
Mar 30/08/2022	69,4	111,0	43,2	101,5	5,5	47,6	53,1	57,0	60,0	63,6	66,4
Mié 31/08/2022	62,6	107,5	45,0	89,6	5,0	48,7	52,6	56,3	59,5	63,7	66,8
Jue 01/09/2022	64,1	111,1	43,2	95,1	5,4	48,0	52,9	56,6	59,5	63,0	66,0
