Archivo	EMRI_17.CMG
Localización	EMRI_17
Tipo de datos	Leq
Ponderación	A
Unidad	dB
Inicio	31/07/2022 0:00:00:000
Fin	02/09/2022 0:00:00:000
Período	Dia0627_Ld (Ld)
Fragmentos de tiempo	Ld	07:01	21:00	K = 0 dBA	   	   	   	   	   	   	   
	Ld	SEL	Lmin	Lmax	StdDev	L90	L50	L20	L10	L5	L3
Día	dB	dB	dB	dB	dB	dB	dB	dB	dB	dB	dB
Dom 31/07/2022	63,4	102,0	41,2	89,0	6,5	44,6	47,7	51,9	56,6	63,4	70,0
Lun 01/08/2022	62,7	109,8	37,4	95,4	7,0	42,1	46,3	51,2	56,0	63,1	69,0
Mar 02/08/2022	62,7	109,7	35,1	92,6	7,5	41,5	46,2	52,5	57,3	64,1	69,5
Mié 03/08/2022	62,6	109,6	34,6	86,8	7,2	42,6	46,6	52,3	57,1	64,3	69,8
Jue 04/08/2022	63,0	110,0	35,0	98,4	7,0	42,2	46,3	51,3	56,1	63,4	68,8
Vie 05/08/2022	62,0	109,0	36,2	85,2	7,5	40,8	45,5	51,5	56,7	63,5	68,7
Sáb 06/08/2022	62,7	109,7	34,1	86,0	7,7	40,7	46,6	52,5	57,3	64,4	69,7
Dom 07/08/2022	62,0	109,0	34,3	89,6	7,3	40,3	45,2	50,4	55,1	61,9	67,8
Lun 08/08/2022	62,8	109,8	37,1	85,9	7,2	42,4	47,4	52,2	57,1	64,6	70,2
Mar 09/08/2022	62,7	109,7	35,4	86,7	7,4	41,7	45,9	51,4	56,9	64,3	69,8
Mié 10/08/2022	63,2	110,2	34,9	91,4	7,5	42,3	47,3	53,2	58,5	65,2	70,7
Jue 11/08/2022	62,5	109,6	35,1	85,3	7,8	40,8	46,5	52,9	58,2	64,7	69,7
Vie 12/08/2022	62,6	109,6	34,1	85,5	7,8	40,8	46,9	53,2	58,4	64,9	69,8
Sáb 13/08/2022	62,9	109,9	34,1	87,1	8,0	40,1	46,1	53,1	58,0	64,3	69,9
Dom 14/08/2022	62,1	109,1	32,6	91,9	7,8	39,1	45,0	51,7	56,2	62,2	67,7
Lun 15/08/2022	62,8	109,8	34,9	89,5	7,5	41,2	46,4	52,2	57,0	63,9	69,4
Mar 16/08/2022	62,5	109,5	37,0	87,6	7,8	41,2	45,4	52,2	58,3	65,0	70,0
Mié 17/08/2022	62,5	109,5	35,9	86,8	7,3	42,0	46,7	52,2	57,1	64,2	69,5
Jue 18/08/2022	62,1	109,1	35,2	89,9	7,7	40,9	45,8	52,0	57,9	64,5	69,5
Vie 19/08/2022	63,0	110,1	35,9	90,1	7,5	41,4	46,9	52,2	57,2	64,5	70,2
Sáb 20/08/2022	62,9	110,0	34,7	92,4	7,5	41,8	47,4	53,3	58,3	64,7	69,8
Dom 21/08/2022	62,5	109,6	35,6	90,2	7,8	40,2	44,8	51,7	56,5	63,3	69,0
Lun 22/08/2022	62,3	109,3	34,0	86,1	8,0	39,6	45,4	52,1	57,2	63,9	69,3
Mar 23/08/2022	63,1	110,1	36,9	91,3	7,9	41,5	45,9	52,6	59,0	66,0	71,1
Mié 24/08/2022	62,4	109,4	36,8	90,8	7,3	41,8	47,3	52,9	57,5	64,3	69,5
Jue 25/08/2022	62,2	109,2	36,7	90,8	7,4	40,8	44,9	50,9	56,0	62,6	68,6
Vie 26/08/2022	62,4	109,4	35,5	91,8	7,9	40,8	45,6	53,0	59,3	65,1	69,5
Sáb 27/08/2022	62,5	109,5	37,0	92,8	7,2	42,1	46,8	52,7	57,0	63,2	68,8
Dom 28/08/2022	62,5	109,6	34,2	88,5	8,2	39,5	46,2	53,2	58,7	64,4	68,5
Lun 29/08/2022	62,7	109,8	34,9	89,5	7,7	41,1	47,2	53,3	58,0	64,4	69,5
Mar 30/08/2022	62,5	109,5	34,6	89,5	7,8	41,0	46,1	53,0	58,4	64,8	69,9
Mié 31/08/2022	63,0	110,0	34,2	94,4	8,0	40,6	45,8	52,7	58,5	65,1	69,9
Jue 01/09/2022											
Período	Noche0627_Ln (Ln)
Fragmentos de tiempo	Ln	21:01	07:00	K = 0 dBA	   	   	   	   	   	   	   
	Ln	SEL	Lmin	Lmax	StdDev	L90	L50	L20	L10	L5	L3
Día	dB	dB	dB	dB	dB	dB	dB	dB	dB	dB	dB
Dom 31/07/2022	63,2	103,5	39,0	85,8	7,0	43,3	47,4	52,1	57,5	64,5	69,8
Lun 01/08/2022	62,1	104,7	35,1	85,8	7,2	38,2	42,5	48,2	53,6	60,0	63,8
Mar 02/08/2022	61,9	104,4	33,8	84,2	7,1	37,1	41,9	46,5	51,5	58,8	63,5
Mié 03/08/2022	62,0	104,8	35,6	84,0	7,3	38,9	45,5	51,9	55,9	60,5	64,0
Jue 04/08/2022	61,2	104,1	35,5	84,3	6,9	38,3	43,8	49,2	53,4	58,8	62,9
Vie 05/08/2022	62,5	104,5	35,4	82,4	6,8	39,6	44,4	50,3	54,5	59,5	63,2
Sáb 06/08/2022	62,6	105,2	36,6	84,9	6,6	40,3	44,9	50,6	54,1	59,7	64,2
Dom 07/08/2022	62,6	104,9	32,8	85,3	7,4	35,9	41,4	46,6	51,8	58,7	63,5
Lun 08/08/2022	61,4	104,4	34,2	84,9	7,5	37,2	44,0	51,2	54,9	59,4	62,9
Mar 09/08/2022	62,0	105,1	36,4	85,7	6,9	39,3	44,2	49,6	54,8	60,3	64,2
Mié 10/08/2022	62,6	104,8	33,2	83,9	7,8	36,6	43,7	49,8	54,5	59,9	63,7
Jue 11/08/2022	62,0	105,4	33,9	91,7	7,8	37,0	43,2	50,0	55,1	60,2	64,1
Vie 12/08/2022	62,1	104,8	33,3	86,4	7,4	36,9	43,7	49,6	54,2	59,3	63,5
Sáb 13/08/2022	62,1	104,8	33,5	86,3	7,7	36,9	42,2	49,4	54,2	59,7	63,9
Dom 14/08/2022	63,2	105,4	31,2	88,3	7,9	35,8	41,8	48,4	53,7	59,1	62,8
Lun 15/08/2022	62,0	104,1	33,4	82,7	7,1	37,1	42,1	47,2	52,7	58,8	63,0
Mar 16/08/2022	64,5	109,4	36,8	91,2	8,1	39,5	43,8	51,0	56,4	63,5	69,3
Mié 17/08/2022	69,2	113,6	36,3	103,8	8,1	40,5	46,4	52,8	58,0	64,3	70,2
Jue 18/08/2022	67,3	112,0	36,9	103,6	7,8	40,8	45,7	51,6	57,1	64,0	70,0
Vie 19/08/2022	68,1	112,7	36,5	103,2	8,3	39,6	43,4	50,7	57,2	64,5	70,3
Sáb 20/08/2022	67,6	112,2	34,1	105,2	8,4	37,2	45,3	50,7	56,0	62,6	68,5
Dom 21/08/2022	64,5	109,5	35,4	95,2	8,7	38,4	42,6	51,2	57,2	64,1	70,1
Lun 22/08/2022	66,5	111,2	34,7	100,2	8,8	36,8	42,0	49,8	56,0	63,0	69,1
Mar 23/08/2022	69,9	114,7	35,5	104,1	9,3	38,5	46,6	53,5	60,1	67,9	73,7
Mié 24/08/2022	67,0	111,5	35,2	97,8	8,9	37,8	44,6	51,4	58,0	65,2	71,2
Jue 25/08/2022	67,6	112,0	33,0	104,1	9,1	36,1	43,5	50,7	56,8	63,9	69,4
Vie 26/08/2022	68,4	113,1	36,2	100,3	8,4	39,3	45,2	52,0	57,7	64,6	70,4
Sáb 27/08/2022	67,7	112,1	35,7	99,9	8,6	39,8	44,6	52,7	58,7	65,5	71,1
Dom 28/08/2022	65,3	110,1	34,1	93,9	9,0	36,9	42,4	50,8	56,5	63,4	69,1
Lun 29/08/2022	68,7	113,1	34,9	104,4	8,6	37,3	44,2	50,5	56,5	63,3	69,1
Mar 30/08/2022	67,7	112,2	33,9	104,0	9,0	36,6	43,6	52,2	56,9	62,9	68,7
Mié 31/08/2022	68,7	113,1	34,9	102,6	8,6	37,3	43,6	49,9	56,3	63,4	69,3
Jue 01/09/2022	55,9	102,3	32,7	82,6	7,1	35,8	39,5	46,1	52,5	57,2	60,6
